#./TP1 1 1 1e6 100 1 3 coucou 
#distrib
X     Phi(MC)     Phi(th)
0 0.005 0
0.01 0.0135 0.00995016
0.02 0.0245 0.0198013
0.03 0.0323 0.0295545
0.04 0.0459 0.0392106
0.05 0.0524 0.0487705
0.06 0.06 0.0582355
0.07 0.0689 0.0676062
0.08 0.0811 0.0768837
0.09 0.0895 0.0860688
0.1 0.1046 0.0951626
0.11 0.106 0.104166
0.12 0.1193 0.11308
0.13 0.1223 0.121905
0.14 0.1272 0.130642
0.15 0.1452 0.139292
0.16 0.1487 0.147856
0.17 0.1638 0.156335
0.18 0.1717 0.16473
0.19 0.1807 0.173041
0.2 0.1856 0.181269
0.21 0.1965 0.189416
0.22 0.2067 0.197481
0.23 0.2045 0.205466
0.24 0.2191 0.213372
0.25 0.2397 0.221199
0.26 0.2248 0.228948
0.27 0.2319 0.23662
0.28 0.2505 0.244216
0.29 0.2633 0.251736
0.3 0.2572 0.259182
0.31 0.2773 0.266553
0.32 0.2705 0.273851
0.33 0.2894 0.281076
0.34 0.2843 0.28823
0.35 0.2987 0.295312
0.36 0.3031 0.302324
0.37 0.315 0.309266
0.38 0.3212 0.316139
0.39 0.3268 0.322943
0.4 0.3256 0.32968
0.41 0.3297 0.33635
0.42 0.3472 0.342953
0.43 0.3473 0.349491
0.44 0.3608 0.355964
0.45 0.3722 0.362372
0.46 0.3675 0.368716
0.47 0.3726 0.374998
0.48 0.3665 0.381217
0.49 0.3988 0.387374
0.5 0.3965 0.393469
0.51 0.4009 0.399504
0.52 0.4072 0.405479
0.53 0.4133 0.411395
0.54 0.4208 0.417252
0.55 0.4257 0.42305
0.56 0.441 0.428791
0.57 0.4295 0.434475
0.58 0.4439 0.440102
0.59 0.4466 0.445673
0.6 0.4627 0.451188
0.61 0.4451 0.456649
0.62 0.462 0.462056
0.63 0.4805 0.467408
0.64 0.4787 0.472708
0.65 0.4746 0.477954
0.66 0.4854 0.483149
0.67 0.4852 0.488291
0.68 0.4979 0.493383
0.69 0.4965 0.498424
0.7 0.5119 0.503415
0.71 0.5109 0.508356
0.72 0.5095 0.513248
0.73 0.5255 0.518091
0.74 0.5125 0.522886
0.75 0.5358 0.527633
0.76 0.5411 0.532334
0.77 0.5525 0.536987
0.78 0.5418 0.541594
0.79 0.5449 0.546155
0.8 0.5382 0.550671
0.81 0.5584 0.555142
0.82 0.5629 0.559568
0.83 0.5748 0.563951
0.84 0.5667 0.568289
0.85 0.5666 0.572585
0.86 0.5861 0.576838
0.87 0.5755 0.581048
0.88 0.5844 0.585217
0.89 0.6017 0.589344
0.9 0.6052 0.59343
0.91 0.5981 0.597476
0.92 0.6097 0.601481
0.93 0.61 0.605446
0.94 0.5961 0.609372
0.95 0.6115 0.613259
0.96 0.6148 0.617107
0.97 0.6111 0.620917
0.98 0.6396 0.624689
0.99 0.6363 0.628423
#(above 1) / (below 0) : 63.255 / 2.74572e+13
#diff normalized : 0.000294356
