#./TP1_diff 0 1 1e6 100 1 20 3 
#distrib
#X     Phi
0 2.0852
0.01 2.148
0.02 2.17
0.03 2.1992
0.04 2.251
0.05 2.2976
0.06 2.3119
0.07 2.3497
0.08 2.3736
0.09 2.4112
0.1 2.4193
0.11 2.4639
0.12 2.4473
0.13 2.5058
0.14 2.4818
0.15 2.4928
0.16 2.5467
0.17 2.5431
0.18 2.5899
0.19 2.566
0.2 2.5859
0.21 2.6379
0.22 2.6157
0.23 2.6464
0.24 2.6599
0.25 2.6651
0.26 2.6773
0.27 2.6934
0.28 2.7039
0.29 2.7274
0.3 2.7208
0.31 2.7175
0.32 2.7697
0.33 2.771
0.34 2.7602
0.35 2.7401
0.36 2.7573
0.37 2.7862
0.38 2.769
0.39 2.7884
0.4 2.8016
0.41 2.8035
0.42 2.7624
0.43 2.7719
0.44 2.8406
0.45 2.7707
0.46 2.8258
0.47 2.8233
0.48 2.8255
0.49 2.8096
0.5 2.8307
0.51 2.7917
0.52 2.8301
0.53 2.827
0.54 2.8204
0.55 2.8049
0.56 2.784
0.57 2.797
0.58 2.776
0.59 2.7955
0.6 2.7931
0.61 2.8049
0.62 2.7892
0.63 2.7742
0.64 2.7571
0.65 2.7615
0.66 2.7533
0.67 2.726
0.68 2.736
0.69 2.6957
0.7 2.7055
0.71 2.6958
0.72 2.6849
0.73 2.6888
0.74 2.6468
0.75 2.6346
0.76 2.6368
0.77 2.6241
0.78 2.6032
0.79 2.6061
0.8 2.6263
0.81 2.5698
0.82 2.5458
0.83 2.5403
0.84 2.5031
0.85 2.4867
0.86 2.4842
0.87 2.4533
0.88 2.4495
0.89 2.4042
0.9 2.3837
0.91 2.38
0.92 2.322
0.93 2.3043
0.94 2.3038
0.95 2.2792
0.96 2.2444
0.97 2.1678
0.98 2.158
0.99 2.0809
#(above 1) / (below 0) : 0.0001 / -6.53475e-20
#nb_jumps
#nj    npart
0 0
1 389854
2 234415
3 143528
4 88842
5 54612
6 33837
7 20728
8 13118
9 7647
10 4825
11 3110
12 1987
13 1278
14 792
15 536
16 315
17 191
18 153
19 82
20 58
