#./TP1_sigmavar .75 1e6 100 3 output_TP1_sigmavar 
#distrib
X     Phi(MC)     Phi(th)
0 1.32818 1.33333
0.01 1.30348 1.31567
0.02 1.28566 1.29825
0.03 1.26932 1.28105
0.04 1.26385 1.26409
0.05 1.23355 1.24734
0.06 1.22435 1.23082
0.07 1.19874 1.21452
0.08 1.18562 1.19843
0.09 1.18015 1.18256
0.1 1.16574 1.1669
0.11 1.14367 1.15144
0.12 1.13338 1.13619
0.13 1.10668 1.12114
0.14 1.09542 1.10629
0.15 1.072 1.09164
0.16 1.07837 1.07718
0.17 1.06834 1.06292
0.18 1.02871 1.04884
0.19 1.0271 1.03495
0.2 1.01487 1.02124
0.21 1.00548 1.00771
0.22 0.984959 0.994365
0.23 0.979941 0.981194
0.24 0.960898 0.968199
0.25 0.957166 0.955375
0.26 0.940697 0.942721
0.27 0.918887 0.930235
0.28 0.913676 0.917914
0.29 0.9075 0.905757
0.3 0.880673 0.89376
0.31 0.843938 0.858715
0.32 0.816274 0.825045
0.33 0.772269 0.792694
0.34 0.746407 0.761612
0.35 0.71855 0.731749
0.36 0.683617 0.703057
0.37 0.661035 0.675489
0.38 0.636202 0.649003
0.39 0.617031 0.623555
0.4 0.5949 0.599105
0.41 0.556942 0.575614
0.42 0.535776 0.553044
0.43 0.518406 0.531359
0.44 0.5002 0.510524
0.45 0.483537 0.490506
0.46 0.460248 0.471273
0.47 0.451048 0.452794
0.48 0.426215 0.43504
0.49 0.41412 0.417982
0.5 0.384912 0.401592
0.51 0.375713 0.385846
0.52 0.37404 0.370716
0.53 0.342966 0.35618
0.54 0.334217 0.342214
0.55 0.322379 0.328796
0.56 0.308869 0.315904
0.57 0.292142 0.303517
0.58 0.282042 0.291616
0.59 0.27355 0.280181
0.6 0.26287 0.269195
0.61 0.249103 0.25864
0.62 0.244985 0.248499
0.63 0.233469 0.238755
0.64 0.221889 0.229393
0.65 0.21893 0.220399
0.66 0.205291 0.211757
0.67 0.198922 0.203453
0.68 0.197313 0.195476
0.69 0.187921 0.187811
0.7 0.17544 0.180447
0.71 0.171837 0.178057
0.72 0.170936 0.175699
0.73 0.170615 0.173372
0.74 0.1701 0.171075
0.75 0.16965 0.168809
0.76 0.159871 0.166574
0.77 0.164181 0.164367
0.78 0.160514 0.16219
0.79 0.162123 0.160042
0.8 0.155689 0.157922
0.81 0.158005 0.155831
0.82 0.15511 0.153767
0.83 0.149963 0.15173
0.84 0.150993 0.149721
0.85 0.149963 0.147738
0.86 0.14308 0.145781
0.87 0.141664 0.14385
0.88 0.141536 0.141945
0.89 0.141085 0.140065
0.9 0.136453 0.13821
0.91 0.135166 0.136379
0.92 0.137611 0.134573
0.93 0.129955 0.13279
0.94 0.133687 0.131031
0.95 0.125967 0.129296
0.96 0.130985 0.127583
0.97 0.126353 0.125894
0.98 0.124037 0.124226
0.99 0.11651 0.122581
#(above 1) / (below 0) : 9.06999 / 1.91188e-08
#diff normalized : 0.000158593
