#./TP1 1 1 10000000 100 2 3 tmp 
#distrib
X     Phi(MC)     Phi(th)
0 0.98959 1
0.01 0.98567 0.99005
0.02 0.97515 0.980199
0.03 0.96536 0.970446
0.04 0.95659 0.960789
0.05 0.94691 0.951229
0.06 0.9353 0.941765
0.07 0.92614 0.932394
0.08 0.91882 0.923116
0.09 0.91157 0.913931
0.1 0.90127 0.904837
0.11 0.88888 0.895834
0.12 0.88769 0.88692
0.13 0.87073 0.878095
0.14 0.86505 0.869358
0.15 0.8582 0.860708
0.16 0.85009 0.852144
0.17 0.84112 0.843665
0.18 0.83224 0.83527
0.19 0.82557 0.826959
0.2 0.81879 0.818731
0.21 0.80753 0.810584
0.22 0.79475 0.802519
0.23 0.78571 0.794534
0.24 0.78485 0.786628
0.25 0.77904 0.778801
0.26 0.77136 0.771052
0.27 0.75425 0.76338
0.28 0.75061 0.755784
0.29 0.7407 0.748264
0.3 0.73756 0.740818
0.31 0.72958 0.733447
0.32 0.72355 0.726149
0.33 0.71648 0.718924
0.34 0.70503 0.71177
0.35 0.70222 0.704688
0.36 0.69318 0.697676
0.37 0.69002 0.690734
0.38 0.67639 0.683861
0.39 0.67366 0.677057
0.4 0.6677 0.67032
0.41 0.65808 0.66365
0.42 0.65272 0.657047
0.43 0.6486 0.650509
0.44 0.63968 0.644036
0.45 0.63465 0.637628
0.46 0.63018 0.631284
0.47 0.62605 0.625002
0.48 0.61437 0.618783
0.49 0.60997 0.612626
0.5 0.60286 0.606531
0.51 0.5978 0.600496
0.52 0.58506 0.594521
0.53 0.58361 0.588605
0.54 0.58134 0.582748
0.55 0.57337 0.57695
0.56 0.56769 0.571209
0.57 0.56396 0.565525
0.58 0.55953 0.559898
0.59 0.55348 0.554327
0.6 0.54724 0.548812
0.61 0.54073 0.543351
0.62 0.53569 0.537944
0.63 0.52954 0.532592
0.64 0.52528 0.527292
0.65 0.51921 0.522046
0.66 0.51571 0.516851
0.67 0.51314 0.511709
0.68 0.50118 0.506617
0.69 0.50136 0.501576
0.7 0.49362 0.496585
0.71 0.48901 0.491644
0.72 0.48717 0.486752
0.73 0.48217 0.481909
0.74 0.47685 0.477114
0.75 0.47054 0.472367
0.76 0.46117 0.467666
0.77 0.46165 0.463013
0.78 0.45459 0.458406
0.79 0.45538 0.453845
0.8 0.44915 0.449329
0.81 0.44197 0.444858
0.82 0.43686 0.440432
0.83 0.43574 0.436049
0.84 0.42701 0.431711
0.85 0.42673 0.427415
0.86 0.41975 0.423162
0.87 0.41453 0.418952
0.88 0.4127 0.414783
0.89 0.41083 0.410656
0.9 0.40477 0.40657
0.91 0.40061 0.402524
0.92 0.39594 0.398519
0.93 0.392 0.394554
0.94 0.38849 0.390628
0.95 0.38444 0.386741
0.96 0.37824 0.382893
0.97 0.37685 0.379083
0.98 0.37257 0.375311
0.99 0.37095 0.371577
#(above 1) / (below 0) : 36.7807 / -9.83506e+07
#diff normalized : 3.55971e-05
