#./TP1_diff 1 5 2e6 100 2 20 4 output_TP1_diff 
#distrib
#X     Phi
0 1.28953
0.01 0.921392
0.02 0.789
0.03 0.709283
0.04 0.647458
0.05 0.595808
0.06 0.555808
0.07 0.521242
0.08 0.486917
0.09 0.464958
0.1 0.436
0.11 0.415775
0.12 0.392992
0.13 0.375642
0.14 0.353267
0.15 0.339167
0.16 0.3238
0.17 0.312542
0.18 0.300633
0.19 0.285
0.2 0.269675
0.21 0.263317
0.22 0.249033
0.23 0.240417
0.24 0.230883
0.25 0.219767
0.26 0.2127
0.27 0.205267
0.28 0.195258
0.29 0.190125
0.3 0.178383
0.31 0.174258
0.32 0.164542
0.33 0.161625
0.34 0.153775
0.35 0.145867
0.36 0.141717
0.37 0.137625
0.38 0.131467
0.39 0.127525
0.4 0.121417
0.41 0.1178
0.42 0.11125
0.43 0.108167
0.44 0.104017
0.45 0.102508
0.46 0.0973083
0.47 0.092925
0.48 0.08915
0.49 0.0870833
0.5 0.0841583
0.51 0.08175
0.52 0.0772583
0.53 0.0747417
0.54 0.069825
0.55 0.06845
0.56 0.0671667
0.57 0.0644417
0.58 0.0620583
0.59 0.058325
0.6 0.0561333
0.61 0.0552583
0.62 0.05225
0.63 0.051275
0.64 0.050025
0.65 0.0464583
0.66 0.0454333
0.67 0.0428167
0.68 0.0416417
0.69 0.040825
0.7 0.0386583
0.71 0.0369
0.72 0.0344917
0.73 0.0338083
0.74 0.0324417
0.75 0.0318083
0.76 0.0292083
0.77 0.0296083
0.78 0.0279083
0.79 0.0271917
0.8 0.0253667
0.81 0.0239083
0.82 0.0228083
0.83 0.0222417
0.84 0.021175
0.85 0.0204083
0.86 0.0189333
0.87 0.018625
0.88 0.0174833
0.89 0.0171833
0.9 0.0155083
0.91 0.0155167
0.92 0.0141833
0.93 0.0136667
0.94 0.0123083
0.95 0.011925
0.96 0.0108083
0.97 0.00983333
0.98 0.009825
0.99 0.00878333
#(above 1) / (below 0) : 0 / 5.11929e-09
#nb_jumps
#nj    npart
0 1.32981e+06
1 265752
2 133576
3 80750
4 52934
5 36980
6 25915
7 19356
8 14559
9 10226
10 7788
11 5588
12 4245
13 3164
14 2297
15 1701
16 1306
17 1055
18 718
19 573
20 432
