#./solver_deter 2 1000 1 10 2 5 1 1 1e-3 2 1 3 ./datas/output_scattering_1_5_2 
#distrib
             #X    Phi(APPROX)        Phi(th)
              0         3.1664              0
          0.001         3.1575              0
          0.002         3.1471              0
          0.003         3.1368              0
          0.004         3.1265              0
          0.005         3.1163              0
          0.006         3.1061              0
          0.007          3.096              0
          0.008         3.0859              0
          0.009         3.0758              0
           0.01         3.0658              0
          0.011         3.0559              0
          0.012          3.046              0
          0.013         3.0362              0
          0.014         3.0264              0
          0.015         3.0167              0
          0.016          3.007              0
          0.017         2.9973              0
          0.018         2.9877              0
          0.019         2.9782              0
           0.02         2.9687              0
          0.021         2.9592              0
          0.022         2.9498              0
          0.023         2.9405              0
          0.024         2.9311              0
          0.025         2.9219              0
          0.026         2.9126              0
          0.027         2.9035              0
          0.028         2.8943              0
          0.029         2.8853              0
           0.03         2.8762              0
          0.031         2.8672              0
          0.032         2.8583              0
          0.033         2.8493              0
          0.034         2.8405              0
          0.035         2.8317              0
          0.036         2.8229              0
          0.037         2.8141              0
          0.038         2.8054              0
          0.039         2.7968              0
           0.04         2.7882              0
          0.041         2.7796              0
          0.042         2.7711              0
          0.043         2.7626              0
          0.044         2.7542              0
          0.045         2.7458              0
          0.046         2.7374              0
          0.047         2.7291              0
          0.048         2.7208              0
          0.049         2.7126              0
           0.05         2.7044              0
          0.051         2.6962              0
          0.052         2.6881              0
          0.053           2.68              0
          0.054         2.6719              0
          0.055         2.6639              0
          0.056          2.656              0
          0.057         2.6481              0
          0.058         2.6402              0
          0.059         2.6323              0
           0.06         2.6245              0
          0.061         2.6167              0
          0.062          2.609              0
          0.063         2.6013              0
          0.064         2.5936              0
          0.065          2.586              0
          0.066         2.5784              0
          0.067         2.5708              0
          0.068         2.5633              0
          0.069         2.5558              0
           0.07         2.5484              0
          0.071          2.541              0
          0.072         2.5336              0
          0.073         2.5263              0
          0.074          2.519              0
          0.075         2.5117              0
          0.076         2.5045              0
          0.077         2.4973              0
          0.078         2.4901              0
          0.079          2.483              0
           0.08         2.4759              0
          0.081         2.4688              0
          0.082         2.4617              0
          0.083         2.4547              0
          0.084         2.4478              0
          0.085         2.4408              0
          0.086         2.4339              0
          0.087         2.4271              0
          0.088         2.4202              0
          0.089         2.4134              0
           0.09         2.4067              0
          0.091         2.3999              0
          0.092         2.3932              0
          0.093         2.3865              0
          0.094         2.3799              0
          0.095         2.3733              0
          0.096         2.3667              0
          0.097         2.3601              0
          0.098         2.3536              0
          0.099         2.3471              0
            0.1         2.3406              0
          0.101         2.3342              0
          0.102         2.3278              0
          0.103         2.3214              0
          0.104         2.3151              0
          0.105         2.3088              0
          0.106         2.3025              0
          0.107         2.2962              0
          0.108           2.29              0
          0.109         2.2838              0
           0.11         2.2776              0
          0.111         2.2715              0
          0.112         2.2654              0
          0.113         2.2593              0
          0.114         2.2532              0
          0.115         2.2472              0
          0.116         2.2412              0
          0.117         2.2352              0
          0.118         2.2293              0
          0.119         2.2234              0
           0.12         2.2175              0
          0.121         2.2116              0
          0.122         2.2058              0
          0.123            2.2              0
          0.124         2.1942              0
          0.125         2.1884              0
          0.126         2.1827              0
          0.127          2.177              0
          0.128         2.1713              0
          0.129         2.1657              0
           0.13           2.16              0
          0.131         2.1544              0
          0.132         2.1488              0
          0.133         2.1433              0
          0.134         2.1378              0
          0.135         2.1323              0
          0.136         2.1268              0
          0.137         2.1213              0
          0.138         2.1159              0
          0.139         2.1105              0
           0.14         2.1051              0
          0.141         2.0997              0
          0.142         2.0944              0
          0.143         2.0891              0
          0.144         2.0838              0
          0.145         2.0786              0
          0.146         2.0733              0
          0.147         2.0681              0
          0.148         2.0629              0
          0.149         2.0577              0
           0.15         2.0526              0
          0.151         2.0475              0
          0.152         2.0424              0
          0.153         2.0373              0
          0.154         2.0322              0
          0.155         2.0272              0
          0.156         2.0222              0
          0.157         2.0172              0
          0.158         2.0122              0
          0.159         2.0073              0
           0.16         2.0024              0
          0.161         1.9975              0
          0.162         1.9926              0
          0.163         1.9877              0
          0.164         1.9829              0
          0.165         1.9781              0
          0.166         1.9733              0
          0.167         1.9685              0
          0.168         1.9638              0
          0.169          1.959              0
           0.17         1.9543              0
          0.171         1.9496              0
          0.172          1.945              0
          0.173         1.9403              0
          0.174         1.9357              0
          0.175         1.9311              0
          0.176         1.9265              0
          0.177         1.9219              0
          0.178         1.9174              0
          0.179         1.9128              0
           0.18         1.9083              0
          0.181         1.9038              0
          0.182         1.8993              0
          0.183         1.8949              0
          0.184         1.8905              0
          0.185          1.886              0
          0.186         1.8816              0
          0.187         1.8773              0
          0.188         1.8729              0
          0.189         1.8686              0
           0.19         1.8642              0
          0.191         1.8599              0
          0.192         1.8557              0
          0.193         1.8514              0
          0.194         1.8471              0
          0.195         1.8429              0
          0.196         1.8387              0
          0.197         1.8345              0
          0.198         1.8303              0
          0.199         1.8262              0
            0.2          1.822              0
          0.201         1.8179              0
          0.202         1.8138              0
          0.203         1.8097              0
          0.204         1.8056              0
          0.205         1.8016              0
          0.206         1.7975              0
          0.207         1.7935              0
          0.208         1.7895              0
          0.209         1.7855              0
           0.21         1.7815              0
          0.211         1.7776              0
          0.212         1.7736              0
          0.213         1.7697              0
          0.214         1.7658              0
          0.215         1.7619              0
          0.216          1.758              0
          0.217         1.7542              0
          0.218         1.7503              0
          0.219         1.7465              0
           0.22         1.7427              0
          0.221         1.7389              0
          0.222         1.7351              0
          0.223         1.7313              0
          0.224         1.7276              0
          0.225         1.7239              0
          0.226         1.7201              0
          0.227         1.7164              0
          0.228         1.7128              0
          0.229         1.7091              0
           0.23         1.7054              0
          0.231         1.7018              0
          0.232         1.6981              0
          0.233         1.6945              0
          0.234         1.6909              0
          0.235         1.6873              0
          0.236         1.6838              0
          0.237         1.6802              0
          0.238         1.6767              0
          0.239         1.6731              0
           0.24         1.6696              0
          0.241         1.6661              0
          0.242         1.6626              0
          0.243         1.6592              0
          0.244         1.6557              0
          0.245         1.6523              0
          0.246         1.6488              0
          0.247         1.6454              0
          0.248          1.642              0
          0.249         1.6386              0
           0.25         1.6353              0
          0.251         1.6319              0
          0.252         1.6285              0
          0.253         1.6252              0
          0.254         1.6219              0
          0.255         1.6186              0
          0.256         1.6153              0
          0.257          1.612              0
          0.258         1.6087              0
          0.259         1.6055              0
           0.26         1.6022              0
          0.261          1.599              0
          0.262         1.5958              0
          0.263         1.5925              0
          0.264         1.5893              0
          0.265         1.5862              0
          0.266          1.583              0
          0.267         1.5798              0
          0.268         1.5767              0
          0.269         1.5736              0
           0.27         1.5704              0
          0.271         1.5673              0
          0.272         1.5642              0
          0.273         1.5611              0
          0.274         1.5581              0
          0.275          1.555              0
          0.276         1.5519              0
          0.277         1.5489              0
          0.278         1.5459              0
          0.279         1.5429              0
           0.28         1.5399              0
          0.281         1.5369              0
          0.282         1.5339              0
          0.283         1.5309              0
          0.284         1.5279              0
          0.285          1.525              0
          0.286         1.5221              0
          0.287         1.5191              0
          0.288         1.5162              0
          0.289         1.5133              0
           0.29         1.5104              0
          0.291         1.5075              0
          0.292         1.5047              0
          0.293         1.5018              0
          0.294         1.4989              0
          0.295         1.4961              0
          0.296         1.4933              0
          0.297         1.4905              0
          0.298         1.4877              0
          0.299         1.4849              0
            0.3         1.4821              0
          0.301         1.4793              0
          0.302         1.4765              0
          0.303         1.4738              0
          0.304          1.471              0
          0.305         1.4683              0
          0.306         1.4655              0
          0.307         1.4628              0
          0.308         1.4601              0
          0.309         1.4574              0
           0.31         1.4547              0
          0.311         1.4521              0
          0.312         1.4494              0
          0.313         1.4467              0
          0.314         1.4441              0
          0.315         1.4414              0
          0.316         1.4388              0
          0.317         1.4362              0
          0.318         1.4336              0
          0.319          1.431              0
           0.32         1.4284              0
          0.321         1.4258              0
          0.322         1.4232              0
          0.323         1.4207              0
          0.324         1.4181              0
          0.325         1.4156              0
          0.326          1.413              0
          0.327         1.4105              0
          0.328          1.408              0
          0.329         1.4055              0
           0.33          1.403              0
          0.331         1.4005              0
          0.332          1.398              0
          0.333         1.3955              0
          0.334         1.3931              0
          0.335         1.3906              0
          0.336         1.3882              0
          0.337         1.3857              0
          0.338         1.3833              0
          0.339         1.3809              0
           0.34         1.3784              0
          0.341          1.376              0
          0.342         1.3736              0
          0.343         1.3712              0
          0.344         1.3689              0
          0.345         1.3665              0
          0.346         1.3641              0
          0.347         1.3618              0
          0.348         1.3594              0
          0.349         1.3571              0
           0.35         1.3547              0
          0.351         1.3524              0
          0.352         1.3501              0
          0.353         1.3478              0
          0.354         1.3455              0
          0.355         1.3432              0
          0.356         1.3409              0
          0.357         1.3386              0
          0.358         1.3364              0
          0.359         1.3341              0
           0.36         1.3318              0
          0.361         1.3296              0
          0.362         1.3274              0
          0.363         1.3251              0
          0.364         1.3229              0
          0.365         1.3207              0
          0.366         1.3185              0
          0.367         1.3163              0
          0.368         1.3141              0
          0.369         1.3119              0
           0.37         1.3097              0
          0.371         1.3075              0
          0.372         1.3054              0
          0.373         1.3032              0
          0.374          1.301              0
          0.375         1.2989              0
          0.376         1.2968              0
          0.377         1.2946              0
          0.378         1.2925              0
          0.379         1.2904              0
           0.38         1.2883              0
          0.381         1.2862              0
          0.382         1.2841              0
          0.383          1.282              0
          0.384         1.2799              0
          0.385         1.2778              0
          0.386         1.2758              0
          0.387         1.2737              0
          0.388         1.2716              0
          0.389         1.2696              0
           0.39         1.2676              0
          0.391         1.2655              0
          0.392         1.2635              0
          0.393         1.2615              0
          0.394         1.2594              0
          0.395         1.2574              0
          0.396         1.2554              0
          0.397         1.2534              0
          0.398         1.2514              0
          0.399         1.2495              0
            0.4         1.2475              0
          0.401         1.2455              0
          0.402         1.2435              0
          0.403         1.2416              0
          0.404         1.2396              0
          0.405         1.2377              0
          0.406         1.2357              0
          0.407         1.2338              0
          0.408         1.2319              0
          0.409         1.2299              0
           0.41          1.228              0
          0.411         1.2261              0
          0.412         1.2242              0
          0.413         1.2223              0
          0.414         1.2204              0
          0.415         1.2185              0
          0.416         1.2166              0
          0.417         1.2148              0
          0.418         1.2129              0
          0.419          1.211              0
           0.42         1.2092              0
          0.421         1.2073              0
          0.422         1.2055              0
          0.423         1.2036              0
          0.424         1.2018              0
          0.425         1.1999              0
          0.426         1.1981              0
          0.427         1.1963              0
          0.428         1.1945              0
          0.429         1.1927              0
           0.43         1.1909              0
          0.431         1.1891              0
          0.432         1.1873              0
          0.433         1.1855              0
          0.434         1.1837              0
          0.435         1.1819              0
          0.436         1.1802              0
          0.437         1.1784              0
          0.438         1.1766              0
          0.439         1.1749              0
           0.44         1.1731              0
          0.441         1.1714              0
          0.442         1.1696              0
          0.443         1.1679              0
          0.444         1.1662              0
          0.445         1.1644              0
          0.446         1.1627              0
          0.447          1.161              0
          0.448         1.1593              0
          0.449         1.1576              0
           0.45         1.1559              0
          0.451         1.1542              0
          0.452         1.1525              0
          0.453         1.1508              0
          0.454         1.1491              0
          0.455         1.1474              0
          0.456         1.1458              0
          0.457         1.1441              0
          0.458         1.1424              0
          0.459         1.1408              0
           0.46         1.1391              0
          0.461         1.1375              0
          0.462         1.1358              0
          0.463         1.1342              0
          0.464         1.1326              0
          0.465         1.1309              0
          0.466         1.1293              0
          0.467         1.1277              0
          0.468         1.1261              0
          0.469         1.1245              0
           0.47         1.1228              0
          0.471         1.1212              0
          0.472         1.1196              0
          0.473         1.1181              0
          0.474         1.1165              0
          0.475         1.1149              0
          0.476         1.1133              0
          0.477         1.1117              0
          0.478         1.1101              0
          0.479         1.1086              0
           0.48          1.107              0
          0.481         1.1055              0
          0.482         1.1039              0
          0.483         1.1024              0
          0.484         1.1008              0
          0.485         1.0993              0
          0.486         1.0977              0
          0.487         1.0962              0
          0.488         1.0947              0
          0.489         1.0931              0
           0.49         1.0916              0
          0.491         1.0901              0
          0.492         1.0886              0
          0.493         1.0871              0
          0.494         1.0856              0
          0.495         1.0841              0
          0.496         1.0826              0
          0.497         1.0811              0
          0.498         1.0796              0
          0.499         1.0781              0
            0.5         1.0766              0
          0.501         1.0751              0
          0.502         1.0737              0
          0.503         1.0722              0
          0.504         1.0707              0
          0.505         1.0693              0
          0.506         1.0678              0
          0.507         1.0664              0
          0.508         1.0649              0
          0.509         1.0635              0
           0.51          1.062              0
          0.511         1.0606              0
          0.512         1.0591              0
          0.513         1.0577              0
          0.514         1.0563              0
          0.515         1.0549              0
          0.516         1.0534              0
          0.517          1.052              0
          0.518         1.0506              0
          0.519         1.0492              0
           0.52         1.0478              0
          0.521         1.0464              0
          0.522          1.045              0
          0.523         1.0436              0
          0.524         1.0422              0
          0.525         1.0408              0
          0.526         1.0394              0
          0.527          1.038              0
          0.528         1.0367              0
          0.529         1.0353              0
           0.53         1.0339              0
          0.531         1.0326              0
          0.532         1.0312              0
          0.533         1.0298              0
          0.534         1.0285              0
          0.535         1.0271              0
          0.536         1.0258              0
          0.537         1.0244              0
          0.538         1.0231              0
          0.539         1.0217              0
           0.54         1.0204              0
          0.541         1.0191              0
          0.542         1.0177              0
          0.543         1.0164              0
          0.544         1.0151              0
          0.545         1.0138              0
          0.546         1.0124              0
          0.547         1.0111              0
          0.548         1.0098              0
          0.549         1.0085              0
           0.55         1.0072              0
          0.551         1.0059              0
          0.552         1.0046              0
          0.553         1.0033              0
          0.554          1.002              0
          0.555         1.0007              0
          0.556        0.99943              0
          0.557        0.99814              0
          0.558        0.99686              0
          0.559        0.99558              0
           0.56        0.99431              0
          0.561        0.99304              0
          0.562        0.99177              0
          0.563         0.9905              0
          0.564        0.98924              0
          0.565        0.98798              0
          0.566        0.98672              0
          0.567        0.98547              0
          0.568        0.98422              0
          0.569        0.98297              0
           0.57        0.98173              0
          0.571        0.98048              0
          0.572        0.97924              0
          0.573        0.97801              0
          0.574        0.97677              0
          0.575        0.97554              0
          0.576        0.97431              0
          0.577        0.97309              0
          0.578        0.97187              0
          0.579        0.97065              0
           0.58        0.96943              0
          0.581        0.96822              0
          0.582        0.96701              0
          0.583         0.9658              0
          0.584        0.96459              0
          0.585        0.96339              0
          0.586        0.96219              0
          0.587        0.96099              0
          0.588         0.9598              0
          0.589         0.9586              0
           0.59        0.95742              0
          0.591        0.95623              0
          0.592        0.95504              0
          0.593        0.95386              0
          0.594        0.95268              0
          0.595        0.95151              0
          0.596        0.95033              0
          0.597        0.94916              0
          0.598        0.94799              0
          0.599        0.94683              0
            0.6        0.94567              0
          0.601         0.9445              0
          0.602        0.94335              0
          0.603        0.94219              0
          0.604        0.94104              0
          0.605        0.93989              0
          0.606        0.93874              0
          0.607        0.93759              0
          0.608        0.93645              0
          0.609        0.93531              0
           0.61        0.93417              0
          0.611        0.93304              0
          0.612         0.9319              0
          0.613        0.93077              0
          0.614        0.92964              0
          0.615        0.92852              0
          0.616        0.92739              0
          0.617        0.92627              0
          0.618        0.92515              0
          0.619        0.92404              0
           0.62        0.92292              0
          0.621        0.92181              0
          0.622         0.9207              0
          0.623         0.9196              0
          0.624        0.91849              0
          0.625        0.91739              0
          0.626        0.91629              0
          0.627        0.91519              0
          0.628         0.9141              0
          0.629          0.913              0
           0.63        0.91191              0
          0.631        0.91082              0
          0.632        0.90974              0
          0.633        0.90865              0
          0.634        0.90757              0
          0.635        0.90649              0
          0.636        0.90542              0
          0.637        0.90434              0
          0.638        0.90327              0
          0.639         0.9022              0
           0.64        0.90113              0
          0.641        0.90006              0
          0.642          0.899              0
          0.643        0.89794              0
          0.644        0.89688              0
          0.645        0.89582              0
          0.646        0.89477              0
          0.647        0.89371              0
          0.648        0.89266              0
          0.649        0.89161              0
           0.65        0.89057              0
          0.651        0.88952              0
          0.652        0.88848              0
          0.653        0.88744              0
          0.654         0.8864              0
          0.655        0.88536              0
          0.656        0.88433              0
          0.657         0.8833              0
          0.658        0.88227              0
          0.659        0.88124              0
           0.66        0.88021              0
          0.661        0.87919              0
          0.662        0.87817              0
          0.663        0.87715              0
          0.664        0.87613              0
          0.665        0.87511              0
          0.666         0.8741              0
          0.667        0.87309              0
          0.668        0.87208              0
          0.669        0.87107              0
           0.67        0.87006              0
          0.671        0.86906              0
          0.672        0.86806              0
          0.673        0.86706              0
          0.674        0.86606              0
          0.675        0.86506              0
          0.676        0.86407              0
          0.677        0.86307              0
          0.678        0.86208              0
          0.679         0.8611              0
           0.68        0.86011              0
          0.681        0.85912              0
          0.682        0.85814              0
          0.683        0.85716              0
          0.684        0.85618              0
          0.685         0.8552              0
          0.686        0.85423              0
          0.687        0.85325              0
          0.688        0.85228              0
          0.689        0.85131              0
           0.69        0.85034              0
          0.691        0.84938              0
          0.692        0.84841              0
          0.693        0.84745              0
          0.694        0.84649              0
          0.695        0.84553              0
          0.696        0.84457              0
          0.697        0.84362              0
          0.698        0.84266              0
          0.699        0.84171              0
            0.7        0.84076              0
          0.701        0.83981              0
          0.702        0.83887              0
          0.703        0.83792              0
          0.704        0.83698              0
          0.705        0.83604              0
          0.706         0.8351              0
          0.707        0.83416              0
          0.708        0.83322              0
          0.709        0.83229              0
           0.71        0.83135              0
          0.711        0.83042              0
          0.712        0.82949              0
          0.713        0.82857              0
          0.714        0.82764              0
          0.715        0.82672              0
          0.716        0.82579              0
          0.717        0.82487              0
          0.718        0.82395              0
          0.719        0.82303              0
           0.72        0.82212              0
          0.721         0.8212              0
          0.722        0.82029              0
          0.723        0.81938              0
          0.724        0.81847              0
          0.725        0.81756              0
          0.726        0.81666              0
          0.727        0.81575              0
          0.728        0.81485              0
          0.729        0.81395              0
           0.73        0.81305              0
          0.731        0.81215              0
          0.732        0.81125              0
          0.733        0.81036              0
          0.734        0.80946              0
          0.735        0.80857              0
          0.736        0.80768              0
          0.737        0.80679              0
          0.738         0.8059              0
          0.739        0.80502              0
           0.74        0.80413              0
          0.741        0.80325              0
          0.742        0.80237              0
          0.743        0.80149              0
          0.744        0.80061              0
          0.745        0.79973              0
          0.746        0.79886              0
          0.747        0.79799              0
          0.748        0.79711              0
          0.749        0.79624              0
           0.75        0.79537              0
          0.751        0.79451              0
          0.752        0.79364              0
          0.753        0.79278              0
          0.754        0.79191              0
          0.755        0.79105              0
          0.756        0.79019              0
          0.757        0.78933              0
          0.758        0.78847              0
          0.759        0.78762              0
           0.76        0.78676              0
          0.761        0.78591              0
          0.762        0.78506              0
          0.763        0.78421              0
          0.764        0.78336              0
          0.765        0.78251              0
          0.766        0.78167              0
          0.767        0.78082              0
          0.768        0.77998              0
          0.769        0.77914              0
           0.77         0.7783              0
          0.771        0.77746              0
          0.772        0.77662              0
          0.773        0.77578              0
          0.774        0.77495              0
          0.775        0.77412              0
          0.776        0.77328              0
          0.777        0.77245              0
          0.778        0.77162              0
          0.779         0.7708              0
           0.78        0.76997              0
          0.781        0.76915              0
          0.782        0.76832              0
          0.783         0.7675              0
          0.784        0.76668              0
          0.785        0.76586              0
          0.786        0.76504              0
          0.787        0.76422              0
          0.788        0.76341              0
          0.789        0.76259              0
           0.79        0.76178              0
          0.791        0.76097              0
          0.792        0.76016              0
          0.793        0.75935              0
          0.794        0.75854              0
          0.795        0.75773              0
          0.796        0.75693              0
          0.797        0.75612              0
          0.798        0.75532              0
          0.799        0.75452              0
            0.8        0.75372              0
          0.801        0.75292              0
          0.802        0.75212              0
          0.803        0.75133              0
          0.804        0.75053              0
          0.805        0.74974              0
          0.806        0.74894              0
          0.807        0.74815              0
          0.808        0.74736              0
          0.809        0.74657              0
           0.81        0.74579              0
          0.811          0.745              0
          0.812        0.74422              0
          0.813        0.74343              0
          0.814        0.74265              0
          0.815        0.74187              0
          0.816        0.74109              0
          0.817        0.74031              0
          0.818        0.73953              0
          0.819        0.73875              0
           0.82        0.73798              0
          0.821         0.7372              0
          0.822        0.73643              0
          0.823        0.73566              0
          0.824        0.73489              0
          0.825        0.73412              0
          0.826        0.73335              0
          0.827        0.73258              0
          0.828        0.73182              0
          0.829        0.73105              0
           0.83        0.73029              0
          0.831        0.72953              0
          0.832        0.72877              0
          0.833        0.72801              0
          0.834        0.72725              0
          0.835        0.72649              0
          0.836        0.72573              0
          0.837        0.72498              0
          0.838        0.72422              0
          0.839        0.72347              0
           0.84        0.72272              0
          0.841        0.72197              0
          0.842        0.72122              0
          0.843        0.72047              0
          0.844        0.71972              0
          0.845        0.71897              0
          0.846        0.71823              0
          0.847        0.71748              0
          0.848        0.71674              0
          0.849          0.716              0
           0.85        0.71526              0
          0.851        0.71452              0
          0.852        0.71378              0
          0.853        0.71304              0
          0.854        0.71231              0
          0.855        0.71157              0
          0.856        0.71084              0
          0.857         0.7101              0
          0.858        0.70937              0
          0.859        0.70864              0
           0.86        0.70791              0
          0.861        0.70718              0
          0.862        0.70645              0
          0.863        0.70573              0
          0.864          0.705              0
          0.865        0.70428              0
          0.866        0.70355              0
          0.867        0.70283              0
          0.868        0.70211              0
          0.869        0.70139              0
           0.87        0.70067              0
          0.871        0.69995              0
          0.872        0.69923              0
          0.873        0.69852              0
          0.874         0.6978              0
          0.875        0.69709              0
          0.876        0.69638              0
          0.877        0.69566              0
          0.878        0.69495              0
          0.879        0.69424              0
           0.88        0.69353              0
          0.881        0.69283              0
          0.882        0.69212              0
          0.883        0.69141              0
          0.884        0.69071              0
          0.885           0.69              0
          0.886         0.6893              0
          0.887         0.6886              0
          0.888         0.6879              0
          0.889         0.6872              0
           0.89         0.6865              0
          0.891         0.6858              0
          0.892        0.68511              0
          0.893        0.68441              0
          0.894        0.68371              0
          0.895        0.68302              0
          0.896        0.68233              0
          0.897        0.68164              0
          0.898        0.68094              0
          0.899        0.68025              0
            0.9        0.67957              0
          0.901        0.67888              0
          0.902        0.67819              0
          0.903         0.6775              0
          0.904        0.67682              0
          0.905        0.67613              0
          0.906        0.67545              0
          0.907        0.67477              0
          0.908        0.67409              0
          0.909        0.67341              0
           0.91        0.67273              0
          0.911        0.67205              0
          0.912        0.67137              0
          0.913         0.6707              0
          0.914        0.67002              0
          0.915        0.66934              0
          0.916        0.66867              0
          0.917          0.668              0
          0.918        0.66733              0
          0.919        0.66665              0
           0.92        0.66598              0
          0.921        0.66532              0
          0.922        0.66465              0
          0.923        0.66398              0
          0.924        0.66331              0
          0.925        0.66265              0
          0.926        0.66198              0
          0.927        0.66132              0
          0.928        0.66066              0
          0.929        0.65999              0
           0.93        0.65933              0
          0.931        0.65867              0
          0.932        0.65801              0
          0.933        0.65736              0
          0.934         0.6567              0
          0.935        0.65604              0
          0.936        0.65539              0
          0.937        0.65473              0
          0.938        0.65408              0
          0.939        0.65342              0
           0.94        0.65277              0
          0.941        0.65212              0
          0.942        0.65147              0
          0.943        0.65082              0
          0.944        0.65017              0
          0.945        0.64952              0
          0.946        0.64888              0
          0.947        0.64823              0
          0.948        0.64759              0
          0.949        0.64694              0
           0.95         0.6463              0
          0.951        0.64566              0
          0.952        0.64501              0
          0.953        0.64437              0
          0.954        0.64373              0
          0.955        0.64309              0
          0.956        0.64246              0
          0.957        0.64182              0
          0.958        0.64118              0
          0.959        0.64055              0
           0.96        0.63991              0
          0.961        0.63928              0
          0.962        0.63864              0
          0.963        0.63801              0
          0.964        0.63738              0
          0.965        0.63675              0
          0.966        0.63612              0
          0.967        0.63549              0
          0.968        0.63486              0
          0.969        0.63423              0
           0.97        0.63361              0
          0.971        0.63298              0
          0.972        0.63236              0
          0.973        0.63173              0
          0.974        0.63111              0
          0.975        0.63049              0
          0.976        0.62986              0
          0.977        0.62924              0
          0.978        0.62862              0
          0.979          0.628              0
           0.98        0.62738              0
          0.981        0.62677              0
          0.982        0.62615              0
          0.983        0.62553              0
          0.984        0.62492              0
          0.985         0.6243              0
          0.986        0.62369              0
          0.987        0.62308              0
          0.988        0.62246              0
          0.989        0.62185              0
           0.99        0.62124              0
          0.991        0.62063              0
          0.992        0.62002              0
          0.993        0.61942              0
          0.994        0.61881              0
          0.995         0.6182              0
          0.996        0.61759              0
          0.997        0.61699              0
          0.998        0.61639              0
          0.999        0.61578              0
              1        0.61518              0
#diff normalized : inf
