#./solver_deter 3 1000 -1 10 1 0 1 1000 1e-3 1 .001 2 ./datas/output_limit_sigma_a_zero 
#distrib
             #X    Phi(APPROX)        Phi(th)
              0      0.0034748              0
          0.001      0.0066421              0
          0.002       0.009601              0
          0.003       0.012607              0
          0.004       0.015577              0
          0.005       0.018555              0
          0.006       0.021519              0
          0.007       0.024481              0
          0.008       0.027436              0
          0.009       0.030385              0
           0.01       0.033328              0
          0.011       0.036265              0
          0.012       0.039196              0
          0.013       0.042121              0
          0.014        0.04504              0
          0.015       0.047953              0
          0.016        0.05086              0
          0.017       0.053761              0
          0.018       0.056656              0
          0.019       0.059545              0
           0.02       0.062428              0
          0.021       0.065305              0
          0.022       0.068176              0
          0.023       0.071041              0
          0.024         0.0739              0
          0.025       0.076753              0
          0.026         0.0796              0
          0.027       0.082441              0
          0.028       0.085276              0
          0.029       0.088105              0
           0.03       0.090928              0
          0.031       0.093745              0
          0.032       0.096556              0
          0.033       0.099361              0
          0.034        0.10216              0
          0.035        0.10495              0
          0.036        0.10774              0
          0.037        0.11052              0
          0.038         0.1133              0
          0.039        0.11607              0
           0.04        0.11883              0
          0.041        0.12159              0
          0.042        0.12434              0
          0.043        0.12708              0
          0.044        0.12982              0
          0.045        0.13255              0
          0.046        0.13528              0
          0.047          0.138              0
          0.048        0.14072              0
          0.049        0.14343              0
           0.05        0.14613              0
          0.051        0.14883              0
          0.052        0.15152              0
          0.053         0.1542              0
          0.054        0.15688              0
          0.055        0.15955              0
          0.056        0.16222              0
          0.057        0.16488              0
          0.058        0.16754              0
          0.059        0.17019              0
           0.06        0.17283              0
          0.061        0.17547              0
          0.062         0.1781              0
          0.063        0.18072              0
          0.064        0.18334              0
          0.065        0.18595              0
          0.066        0.18856              0
          0.067        0.19116              0
          0.068        0.19376              0
          0.069        0.19635              0
           0.07        0.19893              0
          0.071        0.20151              0
          0.072        0.20408              0
          0.073        0.20664              0
          0.074         0.2092              0
          0.075        0.21175              0
          0.076         0.2143              0
          0.077        0.21684              0
          0.078        0.21938              0
          0.079        0.22191              0
           0.08        0.22443              0
          0.081        0.22695              0
          0.082        0.22946              0
          0.083        0.23196              0
          0.084        0.23446              0
          0.085        0.23695              0
          0.086        0.23944              0
          0.087        0.24192              0
          0.088         0.2444              0
          0.089        0.24687              0
           0.09        0.24933              0
          0.091        0.25179              0
          0.092        0.25424              0
          0.093        0.25668              0
          0.094        0.25912              0
          0.095        0.26155              0
          0.096        0.26398              0
          0.097         0.2664              0
          0.098        0.26882              0
          0.099        0.27123              0
            0.1        0.27363              0
          0.101        0.27603              0
          0.102        0.27842              0
          0.103         0.2808              0
          0.104        0.28318              0
          0.105        0.28555              0
          0.106        0.28792              0
          0.107        0.29028              0
          0.108        0.29264              0
          0.109        0.29499              0
           0.11        0.29733              0
          0.111        0.29967              0
          0.112          0.302              0
          0.113        0.30432              0
          0.114        0.30664              0
          0.115        0.30895              0
          0.116        0.31126              0
          0.117        0.31356              0
          0.118        0.31586              0
          0.119        0.31815              0
           0.12        0.32043              0
          0.121        0.32271              0
          0.122        0.32498              0
          0.123        0.32724              0
          0.124         0.3295              0
          0.125        0.33175              0
          0.126          0.334              0
          0.127        0.33624              0
          0.128        0.33848              0
          0.129        0.34071              0
           0.13        0.34293              0
          0.131        0.34515              0
          0.132        0.34736              0
          0.133        0.34956              0
          0.134        0.35176              0
          0.135        0.35395              0
          0.136        0.35614              0
          0.137        0.35832              0
          0.138         0.3605              0
          0.139        0.36267              0
           0.14        0.36483              0
          0.141        0.36699              0
          0.142        0.36914              0
          0.143        0.37128              0
          0.144        0.37342              0
          0.145        0.37555              0
          0.146        0.37768              0
          0.147         0.3798              0
          0.148        0.38192              0
          0.149        0.38403              0
           0.15        0.38613              0
          0.151        0.38823              0
          0.152        0.39032              0
          0.153         0.3924              0
          0.154        0.39448              0
          0.155        0.39655              0
          0.156        0.39862              0
          0.157        0.40068              0
          0.158        0.40274              0
          0.159        0.40479              0
           0.16        0.40683              0
          0.161        0.40887              0
          0.162         0.4109              0
          0.163        0.41292              0
          0.164        0.41494              0
          0.165        0.41695              0
          0.166        0.41896              0
          0.167        0.42096              0
          0.168        0.42296              0
          0.169        0.42495              0
           0.17        0.42693              0
          0.171        0.42891              0
          0.172        0.43088              0
          0.173        0.43284              0
          0.174         0.4348              0
          0.175        0.43675              0
          0.176         0.4387              0
          0.177        0.44064              0
          0.178        0.44258              0
          0.179        0.44451              0
           0.18        0.44643              0
          0.181        0.44835              0
          0.182        0.45026              0
          0.183        0.45216              0
          0.184        0.45406              0
          0.185        0.45595              0
          0.186        0.45784              0
          0.187        0.45972              0
          0.188         0.4616              0
          0.189        0.46347              0
           0.19        0.46533              0
          0.191        0.46719              0
          0.192        0.46904              0
          0.193        0.47088              0
          0.194        0.47272              0
          0.195        0.47455              0
          0.196        0.47638              0
          0.197         0.4782              0
          0.198        0.48002              0
          0.199        0.48183              0
            0.2        0.48363              0
          0.201        0.48543              0
          0.202        0.48722              0
          0.203          0.489              0
          0.204        0.49078              0
          0.205        0.49255              0
          0.206        0.49432              0
          0.207        0.49608              0
          0.208        0.49784              0
          0.209        0.49959              0
           0.21        0.50133              0
          0.211        0.50307              0
          0.212         0.5048              0
          0.213        0.50652              0
          0.214        0.50824              0
          0.215        0.50995              0
          0.216        0.51166              0
          0.217        0.51336              0
          0.218        0.51506              0
          0.219        0.51675              0
           0.22        0.51843              0
          0.221        0.52011              0
          0.222        0.52178              0
          0.223        0.52344              0
          0.224         0.5251              0
          0.225        0.52675              0
          0.226         0.5284              0
          0.227        0.53004              0
          0.228        0.53168              0
          0.229        0.53331              0
           0.23        0.53493              0
          0.231        0.53655              0
          0.232        0.53816              0
          0.233        0.53976              0
          0.234        0.54136              0
          0.235        0.54295              0
          0.236        0.54454              0
          0.237        0.54612              0
          0.238         0.5477              0
          0.239        0.54927              0
           0.24        0.55083              0
          0.241        0.55239              0
          0.242        0.55394              0
          0.243        0.55548              0
          0.244        0.55702              0
          0.245        0.55855              0
          0.246        0.56008              0
          0.247         0.5616              0
          0.248        0.56312              0
          0.249        0.56463              0
           0.25        0.56613              0
          0.251        0.56763              0
          0.252        0.56912              0
          0.253         0.5706              0
          0.254        0.57208              0
          0.255        0.57355              0
          0.256        0.57502              0
          0.257        0.57648              0
          0.258        0.57794              0
          0.259        0.57939              0
           0.26        0.58083              0
          0.261        0.58227              0
          0.262         0.5837              0
          0.263        0.58512              0
          0.264        0.58654              0
          0.265        0.58795              0
          0.266        0.58936              0
          0.267        0.59076              0
          0.268        0.59216              0
          0.269        0.59355              0
           0.27        0.59493              0
          0.271        0.59631              0
          0.272        0.59768              0
          0.273        0.59904              0
          0.274         0.6004              0
          0.275        0.60175              0
          0.276         0.6031              0
          0.277        0.60444              0
          0.278        0.60578              0
          0.279        0.60711              0
           0.28        0.60843              0
          0.281        0.60975              0
          0.282        0.61106              0
          0.283        0.61236              0
          0.284        0.61366              0
          0.285        0.61495              0
          0.286        0.61624              0
          0.287        0.61752              0
          0.288         0.6188              0
          0.289        0.62007              0
           0.29        0.62133              0
          0.291        0.62259              0
          0.292        0.62384              0
          0.293        0.62508              0
          0.294        0.62632              0
          0.295        0.62755              0
          0.296        0.62878              0
          0.297           0.63              0
          0.298        0.63122              0
          0.299        0.63243              0
            0.3        0.63363              0
          0.301        0.63483              0
          0.302        0.63602              0
          0.303         0.6372              0
          0.304        0.63838              0
          0.305        0.63955              0
          0.306        0.64072              0
          0.307        0.64188              0
          0.308        0.64304              0
          0.309        0.64419              0
           0.31        0.64533              0
          0.311        0.64647              0
          0.312         0.6476              0
          0.313        0.64872              0
          0.314        0.64984              0
          0.315        0.65095              0
          0.316        0.65206              0
          0.317        0.65316              0
          0.318        0.65426              0
          0.319        0.65535              0
           0.32        0.65643              0
          0.321        0.65751              0
          0.322        0.65858              0
          0.323        0.65964              0
          0.324         0.6607              0
          0.325        0.66175              0
          0.326         0.6628              0
          0.327        0.66384              0
          0.328        0.66488              0
          0.329        0.66591              0
           0.33        0.66693              0
          0.331        0.66795              0
          0.332        0.66896              0
          0.333        0.66996              0
          0.334        0.67096              0
          0.335        0.67195              0
          0.336        0.67294              0
          0.337        0.67392              0
          0.338         0.6749              0
          0.339        0.67587              0
           0.34        0.67683              0
          0.341        0.67779              0
          0.342        0.67874              0
          0.343        0.67968              0
          0.344        0.68062              0
          0.345        0.68155              0
          0.346        0.68248              0
          0.347         0.6834              0
          0.348        0.68432              0
          0.349        0.68523              0
           0.35        0.68613              0
          0.351        0.68703              0
          0.352        0.68792              0
          0.353         0.6888              0
          0.354        0.68968              0
          0.355        0.69055              0
          0.356        0.69142              0
          0.357        0.69228              0
          0.358        0.69314              0
          0.359        0.69399              0
           0.36        0.69483              0
          0.361        0.69567              0
          0.362         0.6965              0
          0.363        0.69732              0
          0.364        0.69814              0
          0.365        0.69895              0
          0.366        0.69976              0
          0.367        0.70056              0
          0.368        0.70136              0
          0.369        0.70215              0
           0.37        0.70293              0
          0.371        0.70371              0
          0.372        0.70448              0
          0.373        0.70524              0
          0.374          0.706              0
          0.375        0.70675              0
          0.376         0.7075              0
          0.377        0.70824              0
          0.378        0.70898              0
          0.379        0.70971              0
           0.38        0.71043              0
          0.381        0.71115              0
          0.382        0.71186              0
          0.383        0.71256              0
          0.384        0.71326              0
          0.385        0.71395              0
          0.386        0.71464              0
          0.387        0.71532              0
          0.388          0.716              0
          0.389        0.71667              0
           0.39        0.71733              0
          0.391        0.71799              0
          0.392        0.71864              0
          0.393        0.71928              0
          0.394        0.71992              0
          0.395        0.72055              0
          0.396        0.72118              0
          0.397         0.7218              0
          0.398        0.72242              0
          0.399        0.72303              0
            0.4        0.72363              0
          0.401        0.72423              0
          0.402        0.72482              0
          0.403         0.7254              0
          0.404        0.72598              0
          0.405        0.72655              0
          0.406        0.72712              0
          0.407        0.72768              0
          0.408        0.72824              0
          0.409        0.72879              0
           0.41        0.72933              0
          0.411        0.72987              0
          0.412         0.7304              0
          0.413        0.73092              0
          0.414        0.73144              0
          0.415        0.73195              0
          0.416        0.73246              0
          0.417        0.73296              0
          0.418        0.73346              0
          0.419        0.73395              0
           0.42        0.73443              0
          0.421        0.73491              0
          0.422        0.73538              0
          0.423        0.73584              0
          0.424         0.7363              0
          0.425        0.73675              0
          0.426         0.7372              0
          0.427        0.73764              0
          0.428        0.73808              0
          0.429        0.73851              0
           0.43        0.73893              0
          0.431        0.73935              0
          0.432        0.73976              0
          0.433        0.74016              0
          0.434        0.74056              0
          0.435        0.74095              0
          0.436        0.74134              0
          0.437        0.74172              0
          0.438         0.7421              0
          0.439        0.74247              0
           0.44        0.74283              0
          0.441        0.74319              0
          0.442        0.74354              0
          0.443        0.74388              0
          0.444        0.74422              0
          0.445        0.74455              0
          0.446        0.74488              0
          0.447         0.7452              0
          0.448        0.74552              0
          0.449        0.74583              0
           0.45        0.74613              0
          0.451        0.74643              0
          0.452        0.74672              0
          0.453          0.747              0
          0.454        0.74728              0
          0.455        0.74755              0
          0.456        0.74782              0
          0.457        0.74808              0
          0.458        0.74834              0
          0.459        0.74859              0
           0.46        0.74883              0
          0.461        0.74907              0
          0.462         0.7493              0
          0.463        0.74952              0
          0.464        0.74974              0
          0.465        0.74995              0
          0.466        0.75016              0
          0.467        0.75036              0
          0.468        0.75056              0
          0.469        0.75075              0
           0.47        0.75093              0
          0.471        0.75111              0
          0.472        0.75128              0
          0.473        0.75144              0
          0.474         0.7516              0
          0.475        0.75175              0
          0.476         0.7519              0
          0.477        0.75204              0
          0.478        0.75218              0
          0.479        0.75231              0
           0.48        0.75243              0
          0.481        0.75255              0
          0.482        0.75266              0
          0.483        0.75276              0
          0.484        0.75286              0
          0.485        0.75295              0
          0.486        0.75304              0
          0.487        0.75312              0
          0.488         0.7532              0
          0.489        0.75327              0
           0.49        0.75333              0
          0.491        0.75339              0
          0.492        0.75344              0
          0.493        0.75348              0
          0.494        0.75352              0
          0.495        0.75355              0
          0.496        0.75358              0
          0.497         0.7536              0
          0.498        0.75362              0
          0.499        0.75363              0
            0.5        0.75363              0
          0.501        0.75363              0
          0.502        0.75362              0
          0.503         0.7536              0
          0.504        0.75358              0
          0.505        0.75355              0
          0.506        0.75352              0
          0.507        0.75348              0
          0.508        0.75344              0
          0.509        0.75339              0
           0.51        0.75333              0
          0.511        0.75327              0
          0.512         0.7532              0
          0.513        0.75312              0
          0.514        0.75304              0
          0.515        0.75295              0
          0.516        0.75286              0
          0.517        0.75276              0
          0.518        0.75266              0
          0.519        0.75255              0
           0.52        0.75243              0
          0.521        0.75231              0
          0.522        0.75218              0
          0.523        0.75204              0
          0.524         0.7519              0
          0.525        0.75175              0
          0.526         0.7516              0
          0.527        0.75144              0
          0.528        0.75128              0
          0.529        0.75111              0
           0.53        0.75093              0
          0.531        0.75075              0
          0.532        0.75056              0
          0.533        0.75036              0
          0.534        0.75016              0
          0.535        0.74995              0
          0.536        0.74974              0
          0.537        0.74952              0
          0.538         0.7493              0
          0.539        0.74907              0
           0.54        0.74883              0
          0.541        0.74859              0
          0.542        0.74834              0
          0.543        0.74808              0
          0.544        0.74782              0
          0.545        0.74755              0
          0.546        0.74728              0
          0.547          0.747              0
          0.548        0.74672              0
          0.549        0.74643              0
           0.55        0.74613              0
          0.551        0.74583              0
          0.552        0.74552              0
          0.553         0.7452              0
          0.554        0.74488              0
          0.555        0.74455              0
          0.556        0.74422              0
          0.557        0.74388              0
          0.558        0.74354              0
          0.559        0.74319              0
           0.56        0.74283              0
          0.561        0.74247              0
          0.562         0.7421              0
          0.563        0.74172              0
          0.564        0.74134              0
          0.565        0.74095              0
          0.566        0.74056              0
          0.567        0.74016              0
          0.568        0.73976              0
          0.569        0.73935              0
           0.57        0.73893              0
          0.571        0.73851              0
          0.572        0.73808              0
          0.573        0.73764              0
          0.574         0.7372              0
          0.575        0.73675              0
          0.576         0.7363              0
          0.577        0.73584              0
          0.578        0.73538              0
          0.579        0.73491              0
           0.58        0.73443              0
          0.581        0.73395              0
          0.582        0.73346              0
          0.583        0.73296              0
          0.584        0.73246              0
          0.585        0.73195              0
          0.586        0.73144              0
          0.587        0.73092              0
          0.588         0.7304              0
          0.589        0.72987              0
           0.59        0.72933              0
          0.591        0.72879              0
          0.592        0.72824              0
          0.593        0.72768              0
          0.594        0.72712              0
          0.595        0.72655              0
          0.596        0.72598              0
          0.597         0.7254              0
          0.598        0.72482              0
          0.599        0.72423              0
            0.6        0.72363              0
          0.601        0.72303              0
          0.602        0.72242              0
          0.603         0.7218              0
          0.604        0.72118              0
          0.605        0.72055              0
          0.606        0.71992              0
          0.607        0.71928              0
          0.608        0.71864              0
          0.609        0.71799              0
           0.61        0.71733              0
          0.611        0.71667              0
          0.612          0.716              0
          0.613        0.71532              0
          0.614        0.71464              0
          0.615        0.71395              0
          0.616        0.71326              0
          0.617        0.71256              0
          0.618        0.71186              0
          0.619        0.71115              0
           0.62        0.71043              0
          0.621        0.70971              0
          0.622        0.70898              0
          0.623        0.70824              0
          0.624         0.7075              0
          0.625        0.70675              0
          0.626          0.706              0
          0.627        0.70524              0
          0.628        0.70448              0
          0.629        0.70371              0
           0.63        0.70293              0
          0.631        0.70215              0
          0.632        0.70136              0
          0.633        0.70056              0
          0.634        0.69976              0
          0.635        0.69895              0
          0.636        0.69814              0
          0.637        0.69732              0
          0.638         0.6965              0
          0.639        0.69567              0
           0.64        0.69483              0
          0.641        0.69399              0
          0.642        0.69314              0
          0.643        0.69228              0
          0.644        0.69142              0
          0.645        0.69055              0
          0.646        0.68968              0
          0.647         0.6888              0
          0.648        0.68792              0
          0.649        0.68703              0
           0.65        0.68613              0
          0.651        0.68523              0
          0.652        0.68432              0
          0.653         0.6834              0
          0.654        0.68248              0
          0.655        0.68155              0
          0.656        0.68062              0
          0.657        0.67968              0
          0.658        0.67874              0
          0.659        0.67779              0
           0.66        0.67683              0
          0.661        0.67587              0
          0.662         0.6749              0
          0.663        0.67392              0
          0.664        0.67294              0
          0.665        0.67195              0
          0.666        0.67096              0
          0.667        0.66996              0
          0.668        0.66896              0
          0.669        0.66795              0
           0.67        0.66693              0
          0.671        0.66591              0
          0.672        0.66488              0
          0.673        0.66384              0
          0.674         0.6628              0
          0.675        0.66175              0
          0.676         0.6607              0
          0.677        0.65964              0
          0.678        0.65858              0
          0.679        0.65751              0
           0.68        0.65643              0
          0.681        0.65535              0
          0.682        0.65426              0
          0.683        0.65316              0
          0.684        0.65206              0
          0.685        0.65095              0
          0.686        0.64984              0
          0.687        0.64872              0
          0.688         0.6476              0
          0.689        0.64647              0
           0.69        0.64533              0
          0.691        0.64419              0
          0.692        0.64304              0
          0.693        0.64188              0
          0.694        0.64072              0
          0.695        0.63955              0
          0.696        0.63838              0
          0.697         0.6372              0
          0.698        0.63602              0
          0.699        0.63483              0
            0.7        0.63363              0
          0.701        0.63243              0
          0.702        0.63122              0
          0.703           0.63              0
          0.704        0.62878              0
          0.705        0.62755              0
          0.706        0.62632              0
          0.707        0.62508              0
          0.708        0.62384              0
          0.709        0.62259              0
           0.71        0.62133              0
          0.711        0.62007              0
          0.712         0.6188              0
          0.713        0.61752              0
          0.714        0.61624              0
          0.715        0.61495              0
          0.716        0.61366              0
          0.717        0.61236              0
          0.718        0.61106              0
          0.719        0.60975              0
           0.72        0.60843              0
          0.721        0.60711              0
          0.722        0.60578              0
          0.723        0.60444              0
          0.724         0.6031              0
          0.725        0.60175              0
          0.726         0.6004              0
          0.727        0.59904              0
          0.728        0.59768              0
          0.729        0.59631              0
           0.73        0.59493              0
          0.731        0.59355              0
          0.732        0.59216              0
          0.733        0.59076              0
          0.734        0.58936              0
          0.735        0.58795              0
          0.736        0.58654              0
          0.737        0.58512              0
          0.738         0.5837              0
          0.739        0.58227              0
           0.74        0.58083              0
          0.741        0.57939              0
          0.742        0.57794              0
          0.743        0.57648              0
          0.744        0.57502              0
          0.745        0.57355              0
          0.746        0.57208              0
          0.747         0.5706              0
          0.748        0.56912              0
          0.749        0.56763              0
           0.75        0.56613              0
          0.751        0.56463              0
          0.752        0.56312              0
          0.753         0.5616              0
          0.754        0.56008              0
          0.755        0.55855              0
          0.756        0.55702              0
          0.757        0.55548              0
          0.758        0.55394              0
          0.759        0.55239              0
           0.76        0.55083              0
          0.761        0.54927              0
          0.762         0.5477              0
          0.763        0.54612              0
          0.764        0.54454              0
          0.765        0.54295              0
          0.766        0.54136              0
          0.767        0.53976              0
          0.768        0.53816              0
          0.769        0.53655              0
           0.77        0.53493              0
          0.771        0.53331              0
          0.772        0.53168              0
          0.773        0.53004              0
          0.774         0.5284              0
          0.775        0.52675              0
          0.776         0.5251              0
          0.777        0.52344              0
          0.778        0.52178              0
          0.779        0.52011              0
           0.78        0.51843              0
          0.781        0.51675              0
          0.782        0.51506              0
          0.783        0.51336              0
          0.784        0.51166              0
          0.785        0.50995              0
          0.786        0.50824              0
          0.787        0.50652              0
          0.788         0.5048              0
          0.789        0.50307              0
           0.79        0.50133              0
          0.791        0.49959              0
          0.792        0.49784              0
          0.793        0.49608              0
          0.794        0.49432              0
          0.795        0.49255              0
          0.796        0.49078              0
          0.797          0.489              0
          0.798        0.48722              0
          0.799        0.48543              0
            0.8        0.48363              0
          0.801        0.48183              0
          0.802        0.48002              0
          0.803         0.4782              0
          0.804        0.47638              0
          0.805        0.47455              0
          0.806        0.47272              0
          0.807        0.47088              0
          0.808        0.46904              0
          0.809        0.46719              0
           0.81        0.46533              0
          0.811        0.46347              0
          0.812         0.4616              0
          0.813        0.45972              0
          0.814        0.45784              0
          0.815        0.45595              0
          0.816        0.45406              0
          0.817        0.45216              0
          0.818        0.45026              0
          0.819        0.44835              0
           0.82        0.44643              0
          0.821        0.44451              0
          0.822        0.44258              0
          0.823        0.44064              0
          0.824         0.4387              0
          0.825        0.43675              0
          0.826         0.4348              0
          0.827        0.43284              0
          0.828        0.43088              0
          0.829        0.42891              0
           0.83        0.42693              0
          0.831        0.42495              0
          0.832        0.42296              0
          0.833        0.42096              0
          0.834        0.41896              0
          0.835        0.41695              0
          0.836        0.41494              0
          0.837        0.41292              0
          0.838         0.4109              0
          0.839        0.40887              0
           0.84        0.40683              0
          0.841        0.40479              0
          0.842        0.40274              0
          0.843        0.40068              0
          0.844        0.39862              0
          0.845        0.39655              0
          0.846        0.39448              0
          0.847         0.3924              0
          0.848        0.39032              0
          0.849        0.38823              0
           0.85        0.38613              0
          0.851        0.38403              0
          0.852        0.38192              0
          0.853         0.3798              0
          0.854        0.37768              0
          0.855        0.37555              0
          0.856        0.37342              0
          0.857        0.37128              0
          0.858        0.36914              0
          0.859        0.36699              0
           0.86        0.36483              0
          0.861        0.36267              0
          0.862         0.3605              0
          0.863        0.35832              0
          0.864        0.35614              0
          0.865        0.35395              0
          0.866        0.35176              0
          0.867        0.34956              0
          0.868        0.34736              0
          0.869        0.34515              0
           0.87        0.34293              0
          0.871        0.34071              0
          0.872        0.33848              0
          0.873        0.33624              0
          0.874          0.334              0
          0.875        0.33175              0
          0.876         0.3295              0
          0.877        0.32724              0
          0.878        0.32498              0
          0.879        0.32271              0
           0.88        0.32043              0
          0.881        0.31815              0
          0.882        0.31586              0
          0.883        0.31356              0
          0.884        0.31126              0
          0.885        0.30895              0
          0.886        0.30664              0
          0.887        0.30432              0
          0.888          0.302              0
          0.889        0.29967              0
           0.89        0.29733              0
          0.891        0.29499              0
          0.892        0.29264              0
          0.893        0.29028              0
          0.894        0.28792              0
          0.895        0.28555              0
          0.896        0.28318              0
          0.897         0.2808              0
          0.898        0.27842              0
          0.899        0.27603              0
            0.9        0.27363              0
          0.901        0.27123              0
          0.902        0.26882              0
          0.903         0.2664              0
          0.904        0.26398              0
          0.905        0.26155              0
          0.906        0.25912              0
          0.907        0.25668              0
          0.908        0.25424              0
          0.909        0.25179              0
           0.91        0.24933              0
          0.911        0.24687              0
          0.912         0.2444              0
          0.913        0.24192              0
          0.914        0.23944              0
          0.915        0.23695              0
          0.916        0.23446              0
          0.917        0.23196              0
          0.918        0.22946              0
          0.919        0.22695              0
           0.92        0.22443              0
          0.921        0.22191              0
          0.922        0.21938              0
          0.923        0.21684              0
          0.924         0.2143              0
          0.925        0.21175              0
          0.926         0.2092              0
          0.927        0.20664              0
          0.928        0.20408              0
          0.929        0.20151              0
           0.93        0.19893              0
          0.931        0.19635              0
          0.932        0.19376              0
          0.933        0.19116              0
          0.934        0.18856              0
          0.935        0.18595              0
          0.936        0.18334              0
          0.937        0.18072              0
          0.938         0.1781              0
          0.939        0.17547              0
           0.94        0.17283              0
          0.941        0.17019              0
          0.942        0.16754              0
          0.943        0.16488              0
          0.944        0.16222              0
          0.945        0.15955              0
          0.946        0.15688              0
          0.947         0.1542              0
          0.948        0.15152              0
          0.949        0.14883              0
           0.95        0.14613              0
          0.951        0.14343              0
          0.952        0.14072              0
          0.953          0.138              0
          0.954        0.13528              0
          0.955        0.13255              0
          0.956        0.12982              0
          0.957        0.12708              0
          0.958        0.12434              0
          0.959        0.12159              0
           0.96        0.11883              0
          0.961        0.11607              0
          0.962         0.1133              0
          0.963        0.11052              0
          0.964        0.10774              0
          0.965        0.10495              0
          0.966        0.10216              0
          0.967       0.099361              0
          0.968       0.096556              0
          0.969       0.093745              0
           0.97       0.090928              0
          0.971       0.088105              0
          0.972       0.085276              0
          0.973       0.082441              0
          0.974         0.0796              0
          0.975       0.076753              0
          0.976         0.0739              0
          0.977       0.071041              0
          0.978       0.068176              0
          0.979       0.065305              0
           0.98       0.062428              0
          0.981       0.059545              0
          0.982       0.056656              0
          0.983       0.053761              0
          0.984        0.05086              0
          0.985       0.047953              0
          0.986        0.04504              0
          0.987       0.042121              0
          0.988       0.039196              0
          0.989       0.036265              0
           0.99       0.033328              0
          0.991       0.030385              0
          0.992       0.027436              0
          0.993       0.024481              0
          0.994       0.021519              0
          0.995       0.018555              0
          0.996       0.015577              0
          0.997       0.012607              0
          0.998       0.009601              0
          0.999      0.0066421              0
              1      0.0034748              0
#diff normalized : inf
