#./solver_deter 1 1000 1 10 3 1 1 1 1e-3 2 1 3 ./datas/output_two_steps_1_1_1_2 
#distrib
             #X    Phi(APPROX)        Phi(th)
              0              1              1
          0.001         0.9995          0.999
          0.002         0.9985          0.998
          0.003        0.99751          0.997
          0.004        0.99651        0.99601
          0.005        0.99551        0.99501
          0.006        0.99452        0.99402
          0.007        0.99353        0.99302
          0.008        0.99254        0.99203
          0.009        0.99154        0.99104
           0.01        0.99055        0.99005
          0.011        0.98957        0.98906
          0.012        0.98858        0.98807
          0.013        0.98759        0.98708
          0.014         0.9866         0.9861
          0.015        0.98562        0.98511
          0.016        0.98463        0.98413
          0.017        0.98365        0.98314
          0.018        0.98267        0.98216
          0.019        0.98169        0.98118
           0.02        0.98071         0.9802
          0.021        0.97973        0.97922
          0.022        0.97875        0.97824
          0.023        0.97777        0.97726
          0.024         0.9768        0.97629
          0.025        0.97582        0.97531
          0.026        0.97485        0.97434
          0.027        0.97387        0.97336
          0.028         0.9729        0.97239
          0.029        0.97193        0.97142
           0.03        0.97096        0.97045
          0.031        0.96999        0.96948
          0.032        0.96902        0.96851
          0.033        0.96805        0.96754
          0.034        0.96709        0.96657
          0.035        0.96612        0.96561
          0.036        0.96516        0.96464
          0.037        0.96419        0.96368
          0.038        0.96323        0.96271
          0.039        0.96227        0.96175
           0.04        0.96131        0.96079
          0.041        0.96035        0.95983
          0.042        0.95939        0.95887
          0.043        0.95843        0.95791
          0.044        0.95747        0.95695
          0.045        0.95652          0.956
          0.046        0.95556        0.95504
          0.047        0.95461        0.95409
          0.048        0.95366        0.95313
          0.049         0.9527        0.95218
           0.05        0.95175        0.95123
          0.051         0.9508        0.95028
          0.052        0.94985        0.94933
          0.053         0.9489        0.94838
          0.054        0.94796        0.94743
          0.055        0.94701        0.94649
          0.056        0.94606        0.94554
          0.057        0.94512        0.94459
          0.058        0.94418        0.94365
          0.059        0.94323        0.94271
           0.06        0.94229        0.94176
          0.061        0.94135        0.94082
          0.062        0.94041        0.93988
          0.063        0.93947        0.93894
          0.064        0.93853          0.938
          0.065         0.9376        0.93707
          0.066        0.93666        0.93613
          0.067        0.93573         0.9352
          0.068        0.93479        0.93426
          0.069        0.93386        0.93333
           0.07        0.93293        0.93239
          0.071        0.93199        0.93146
          0.072        0.93106        0.93053
          0.073        0.93013         0.9296
          0.074         0.9292        0.92867
          0.075        0.92828        0.92774
          0.076        0.92735        0.92682
          0.077        0.92642        0.92589
          0.078         0.9255        0.92496
          0.079        0.92457        0.92404
           0.08        0.92365        0.92312
          0.081        0.92273        0.92219
          0.082        0.92181        0.92127
          0.083        0.92089        0.92035
          0.084        0.91997        0.91943
          0.085        0.91905        0.91851
          0.086        0.91813        0.91759
          0.087        0.91721        0.91668
          0.088         0.9163        0.91576
          0.089        0.91538        0.91485
           0.09        0.91447        0.91393
          0.091        0.91356        0.91302
          0.092        0.91264        0.91211
          0.093        0.91173        0.91119
          0.094        0.91082        0.91028
          0.095        0.90991        0.90937
          0.096        0.90901        0.90846
          0.097         0.9081        0.90756
          0.098        0.90719        0.90665
          0.099        0.90628        0.90574
            0.1        0.90538        0.90484
          0.101        0.90448        0.90393
          0.102        0.90357        0.90303
          0.103        0.90267        0.90213
          0.104        0.90177        0.90123
          0.105        0.90087        0.90032
          0.106        0.89997        0.89942
          0.107        0.89907        0.89853
          0.108        0.89817        0.89763
          0.109        0.89728        0.89673
           0.11        0.89638        0.89583
          0.111        0.89549        0.89494
          0.112        0.89459        0.89404
          0.113         0.8937        0.89315
          0.114        0.89281        0.89226
          0.115        0.89191        0.89137
          0.116        0.89102        0.89048
          0.117        0.89013        0.88959
          0.118        0.88924         0.8887
          0.119        0.88836        0.88781
           0.12        0.88747        0.88692
          0.121        0.88658        0.88603
          0.122         0.8857        0.88515
          0.123        0.88481        0.88426
          0.124        0.88393        0.88338
          0.125        0.88305         0.8825
          0.126        0.88217        0.88161
          0.127        0.88129        0.88073
          0.128        0.88041        0.87985
          0.129        0.87953        0.87897
           0.13        0.87865         0.8781
          0.131        0.87777        0.87722
          0.132        0.87689        0.87634
          0.133        0.87602        0.87547
          0.134        0.87514        0.87459
          0.135        0.87427        0.87372
          0.136         0.8734        0.87284
          0.137        0.87253        0.87197
          0.138        0.87165         0.8711
          0.139        0.87078        0.87023
           0.14        0.86991        0.86936
          0.141        0.86905        0.86849
          0.142        0.86818        0.86762
          0.143        0.86731        0.86675
          0.144        0.86645        0.86589
          0.145        0.86558        0.86502
          0.146        0.86472        0.86416
          0.147        0.86385        0.86329
          0.148        0.86299        0.86243
          0.149        0.86213        0.86157
           0.15        0.86127        0.86071
          0.151        0.86041        0.85985
          0.152        0.85955        0.85899
          0.153        0.85869        0.85813
          0.154        0.85783        0.85727
          0.155        0.85698        0.85642
          0.156        0.85612        0.85556
          0.157        0.85527         0.8547
          0.158        0.85441        0.85385
          0.159        0.85356          0.853
           0.16        0.85271        0.85214
          0.161        0.85185        0.85129
          0.162          0.851        0.85044
          0.163        0.85015        0.84959
          0.164        0.84931        0.84874
          0.165        0.84846        0.84789
          0.166        0.84761        0.84705
          0.167        0.84676         0.8462
          0.168        0.84592        0.84535
          0.169        0.84507        0.84451
           0.17        0.84423        0.84366
          0.171        0.84339        0.84282
          0.172        0.84254        0.84198
          0.173         0.8417        0.84114
          0.174        0.84086         0.8403
          0.175        0.84002        0.83946
          0.176        0.83918        0.83862
          0.177        0.83835        0.83778
          0.178        0.83751        0.83694
          0.179        0.83667        0.83611
           0.18        0.83584        0.83527
          0.181          0.835        0.83444
          0.182        0.83417         0.8336
          0.183        0.83334        0.83277
          0.184         0.8325        0.83194
          0.185        0.83167         0.8311
          0.186        0.83084        0.83027
          0.187        0.83001        0.82944
          0.188        0.82918        0.82861
          0.189        0.82836        0.82779
           0.19        0.82753        0.82696
          0.191         0.8267        0.82613
          0.192        0.82588        0.82531
          0.193        0.82505        0.82448
          0.194        0.82423        0.82366
          0.195        0.82341        0.82283
          0.196        0.82258        0.82201
          0.197        0.82176        0.82119
          0.198        0.82094        0.82037
          0.199        0.82012        0.81955
            0.2         0.8193        0.81873
          0.201        0.81849        0.81791
          0.202        0.81767        0.81709
          0.203        0.81685        0.81628
          0.204        0.81604        0.81546
          0.205        0.81522        0.81465
          0.206        0.81441        0.81383
          0.207        0.81359        0.81302
          0.208        0.81278        0.81221
          0.209        0.81197         0.8114
           0.21        0.81116        0.81058
          0.211        0.81035        0.80977
          0.212        0.80954        0.80896
          0.213        0.80873        0.80816
          0.214        0.80792        0.80735
          0.215        0.80712        0.80654
          0.216        0.80631        0.80574
          0.217        0.80551        0.80493
          0.218         0.8047        0.80413
          0.219         0.8039        0.80332
           0.22         0.8031        0.80252
          0.221        0.80229        0.80172
          0.222        0.80149        0.80092
          0.223        0.80069        0.80011
          0.224        0.79989        0.79932
          0.225        0.79909        0.79852
          0.226         0.7983        0.79772
          0.227         0.7975        0.79692
          0.228         0.7967        0.79612
          0.229        0.79591        0.79533
           0.23        0.79511        0.79453
          0.231        0.79432        0.79374
          0.232        0.79353        0.79295
          0.233        0.79273        0.79215
          0.234        0.79194        0.79136
          0.235        0.79115        0.79057
          0.236        0.79036        0.78978
          0.237        0.78957        0.78899
          0.238        0.78878         0.7882
          0.239          0.788        0.78741
           0.24        0.78721        0.78663
          0.241        0.78642        0.78584
          0.242        0.78564        0.78506
          0.243        0.78485        0.78427
          0.244        0.78407        0.78349
          0.245        0.78329         0.7827
          0.246        0.78251        0.78192
          0.247        0.78172        0.78114
          0.248        0.78094        0.78036
          0.249        0.78016        0.77958
           0.25        0.77938         0.7788
          0.251        0.77861        0.77802
          0.252        0.77783        0.77724
          0.253        0.77705        0.77647
          0.254        0.77628        0.77569
          0.255         0.7755        0.77492
          0.256        0.77473        0.77414
          0.257        0.77395        0.77337
          0.258        0.77318         0.7726
          0.259        0.77241        0.77182
           0.26        0.77164        0.77105
          0.261        0.77087        0.77028
          0.262         0.7701        0.76951
          0.263        0.76933        0.76874
          0.264        0.76856        0.76797
          0.265        0.76779        0.76721
          0.266        0.76703        0.76644
          0.267        0.76626        0.76567
          0.268        0.76549        0.76491
          0.269        0.76473        0.76414
           0.27        0.76397        0.76338
          0.271         0.7632        0.76262
          0.272        0.76244        0.76185
          0.273        0.76168        0.76109
          0.274        0.76092        0.76033
          0.275        0.76016        0.75957
          0.276         0.7594        0.75881
          0.277        0.75864        0.75805
          0.278        0.75789         0.7573
          0.279        0.75713        0.75654
           0.28        0.75637        0.75578
          0.281        0.75562        0.75503
          0.282        0.75486        0.75427
          0.283        0.75411        0.75352
          0.284        0.75336        0.75277
          0.285         0.7526        0.75201
          0.286        0.75185        0.75126
          0.287         0.7511        0.75051
          0.288        0.75035        0.74976
          0.289         0.7496        0.74901
           0.29        0.74885        0.74826
          0.291        0.74811        0.74752
          0.292        0.74736        0.74677
          0.293        0.74661        0.74602
          0.294        0.74587        0.74528
          0.295        0.74512        0.74453
          0.296        0.74438        0.74379
          0.297        0.74364        0.74304
          0.298        0.74289         0.7423
          0.299        0.74215        0.74156
            0.3        0.74141        0.74082
          0.301        0.73919         0.7386
          0.302        0.73698        0.73639
          0.303        0.73477        0.73418
          0.304        0.73258        0.73198
          0.305        0.73038        0.72979
          0.306         0.7282         0.7276
          0.307        0.72602        0.72542
          0.308        0.72385        0.72325
          0.309        0.72168        0.72108
           0.31        0.71952        0.71892
          0.311        0.71737        0.71677
          0.312        0.71522        0.71462
          0.313        0.71308        0.71248
          0.314        0.71095        0.71035
          0.315        0.70882        0.70822
          0.316         0.7067         0.7061
          0.317        0.70458        0.70398
          0.318        0.70247        0.70187
          0.319        0.70037        0.69977
           0.32        0.69828        0.69768
          0.321        0.69619        0.69559
          0.322         0.6941         0.6935
          0.323        0.69203        0.69143
          0.324        0.68996        0.68935
          0.325        0.68789        0.68729
          0.326        0.68583        0.68523
          0.327        0.68378        0.68318
          0.328        0.68173        0.68113
          0.329        0.67969        0.67909
           0.33        0.67766        0.67706
          0.331        0.67563        0.67503
          0.332        0.67361        0.67301
          0.333        0.67159        0.67099
          0.334        0.66958        0.66898
          0.335        0.66758        0.66698
          0.336        0.66558        0.66498
          0.337        0.66359        0.66299
          0.338         0.6616          0.661
          0.339        0.65962        0.65902
           0.34        0.65765        0.65705
          0.341        0.65568        0.65508
          0.342        0.65372        0.65312
          0.343        0.65176        0.65116
          0.344        0.64981        0.64921
          0.345        0.64787        0.64726
          0.346        0.64593        0.64533
          0.347          0.644        0.64339
          0.348        0.64207        0.64147
          0.349        0.64015        0.63954
           0.35        0.63823        0.63763
          0.351        0.63632        0.63572
          0.352        0.63442        0.63381
          0.353        0.63252        0.63192
          0.354        0.63063        0.63002
          0.355        0.62874        0.62814
          0.356        0.62686        0.62625
          0.357        0.62498        0.62438
          0.358        0.62311        0.62251
          0.359        0.62125        0.62064
           0.36        0.61939        0.61878
          0.361        0.61754        0.61693
          0.362        0.61569        0.61508
          0.363        0.61385        0.61324
          0.364        0.61201         0.6114
          0.365        0.61018        0.60957
          0.366        0.60835        0.60774
          0.367        0.60653        0.60592
          0.368        0.60472        0.60411
          0.369        0.60291         0.6023
           0.37         0.6011         0.6005
          0.371         0.5993         0.5987
          0.372        0.59751         0.5969
          0.373        0.59572        0.59512
          0.374        0.59394        0.59333
          0.375        0.59216        0.59156
          0.376        0.59039        0.58978
          0.377        0.58862        0.58802
          0.378        0.58686        0.58626
          0.379         0.5851         0.5845
           0.38        0.58335        0.58275
          0.381        0.58161          0.581
          0.382        0.57987        0.57926
          0.383        0.57813        0.57753
          0.384         0.5764         0.5758
          0.385        0.57468        0.57407
          0.386        0.57296        0.57235
          0.387        0.57124        0.57064
          0.388        0.56953        0.56893
          0.389        0.56783        0.56722
           0.39        0.56613        0.56553
          0.391        0.56444        0.56383
          0.392        0.56275        0.56214
          0.393        0.56106        0.56046
          0.394        0.55938        0.55878
          0.395        0.55771        0.55711
          0.396        0.55604        0.55544
          0.397        0.55438        0.55377
          0.398        0.55272        0.55211
          0.399        0.55106        0.55046
            0.4        0.54941        0.54881
          0.401        0.54777        0.54717
          0.402        0.54613        0.54553
          0.403         0.5445        0.54389
          0.404        0.54287        0.54227
          0.405        0.54124        0.54064
          0.406        0.53962        0.53902
          0.407        0.53801        0.53741
          0.408         0.5364         0.5358
          0.409        0.53479        0.53419
           0.41        0.53319        0.53259
          0.411         0.5316          0.531
          0.412        0.53001        0.52941
          0.413        0.52842        0.52782
          0.414        0.52684        0.52624
          0.415        0.52526        0.52466
          0.416        0.52369        0.52309
          0.417        0.52212        0.52152
          0.418        0.52056        0.51996
          0.419          0.519         0.5184
           0.42        0.51745        0.51685
          0.421         0.5159         0.5153
          0.422        0.51436        0.51376
          0.423        0.51282        0.51222
          0.424        0.51128        0.51069
          0.425        0.50975        0.50916
          0.426        0.50823        0.50763
          0.427        0.50671        0.50611
          0.428        0.50519        0.50459
          0.429        0.50368        0.50308
           0.43        0.50217        0.50158
          0.431        0.50067        0.50007
          0.432        0.49917        0.49858
          0.433        0.49768        0.49708
          0.434        0.49619        0.49559
          0.435         0.4947        0.49411
          0.436        0.49322        0.49263
          0.437        0.49175        0.49115
          0.438        0.49028        0.48968
          0.439        0.48881        0.48821
           0.44        0.48735        0.48675
          0.441        0.48589        0.48529
          0.442        0.48443        0.48384
          0.443        0.48298        0.48239
          0.444        0.48154        0.48095
          0.445         0.4801        0.47951
          0.446        0.47866        0.47807
          0.447        0.47723        0.47664
          0.448         0.4758        0.47521
          0.449        0.47438        0.47379
           0.45        0.47296        0.47237
          0.451        0.47154        0.47095
          0.452        0.47013        0.46954
          0.453        0.46872        0.46813
          0.454        0.46732        0.46673
          0.455        0.46592        0.46533
          0.456        0.46453        0.46394
          0.457        0.46314        0.46255
          0.458        0.46175        0.46116
          0.459        0.46037        0.45978
           0.46        0.45899        0.45841
          0.461        0.45762        0.45703
          0.462        0.45625        0.45566
          0.463        0.45488         0.4543
          0.464        0.45352        0.45294
          0.465        0.45217        0.45158
          0.466        0.45081        0.45023
          0.467        0.44946        0.44888
          0.468        0.44812        0.44754
          0.469        0.44678        0.44619
           0.47        0.44544        0.44486
          0.471        0.44411        0.44353
          0.472        0.44278         0.4422
          0.473        0.44145        0.44087
          0.474        0.44013        0.43955
          0.475        0.43882        0.43823
          0.476         0.4375        0.43692
          0.477        0.43619        0.43561
          0.478        0.43489        0.43431
          0.479        0.43359        0.43301
           0.48        0.43229        0.43171
          0.481          0.431        0.43042
          0.482        0.42971        0.42913
          0.483        0.42842        0.42784
          0.484        0.42714        0.42656
          0.485        0.42586        0.42528
          0.486        0.42458        0.42401
          0.487        0.42331        0.42274
          0.488        0.42205        0.42147
          0.489        0.42078        0.42021
           0.49        0.41953        0.41895
          0.491        0.41827         0.4177
          0.492        0.41702        0.41645
          0.493        0.41577         0.4152
          0.494        0.41453        0.41395
          0.495        0.41329        0.41271
          0.496        0.41205        0.41148
          0.497        0.41082        0.41025
          0.498        0.40959        0.40902
          0.499        0.40836        0.40779
            0.5        0.40714        0.40657
          0.501        0.40592        0.40535
          0.502        0.40471        0.40414
          0.503        0.40349        0.40293
          0.504        0.40229        0.40172
          0.505        0.40108        0.40052
          0.506        0.39988        0.39932
          0.507        0.39869        0.39812
          0.508        0.39749        0.39693
          0.509         0.3963        0.39574
           0.51        0.39512        0.39455
          0.511        0.39394        0.39337
          0.512        0.39276        0.39219
          0.513        0.39158        0.39102
          0.514        0.39041        0.38985
          0.515        0.38924        0.38868
          0.516        0.38808        0.38752
          0.517        0.38691        0.38635
          0.518        0.38576         0.3852
          0.519         0.3846        0.38404
           0.52        0.38345        0.38289
          0.521         0.3823        0.38175
          0.522        0.38116         0.3806
          0.523        0.38002        0.37946
          0.524        0.37888        0.37833
          0.525        0.37775        0.37719
          0.526        0.37662        0.37606
          0.527        0.37549        0.37494
          0.528        0.37437        0.37381
          0.529        0.37325        0.37269
           0.53        0.37213        0.37158
          0.531        0.37102        0.37046
          0.532        0.36991        0.36935
          0.533         0.3688        0.36825
          0.534         0.3677        0.36714
          0.535         0.3666        0.36604
          0.536         0.3655        0.36495
          0.537         0.3644        0.36385
          0.538        0.36331        0.36276
          0.539        0.36223        0.36168
           0.54        0.36114        0.36059
          0.541        0.36006        0.35951
          0.542        0.35898        0.35844
          0.543        0.35791        0.35736
          0.544        0.35684        0.35629
          0.545        0.35577        0.35523
          0.546        0.35471        0.35416
          0.547        0.35365         0.3531
          0.548        0.35259        0.35204
          0.549        0.35153        0.35099
           0.55        0.35048        0.34994
          0.551        0.34943        0.34889
          0.552        0.34839        0.34784
          0.553        0.34734         0.3468
          0.554         0.3463        0.34576
          0.555        0.34527        0.34473
          0.556        0.34423         0.3437
          0.557         0.3432        0.34267
          0.558        0.34218        0.34164
          0.559        0.34115        0.34062
           0.56        0.34013         0.3396
          0.561        0.33911        0.33858
          0.562         0.3381        0.33756
          0.563        0.33709        0.33655
          0.564        0.33608        0.33554
          0.565        0.33507        0.33454
          0.566        0.33407        0.33354
          0.567        0.33307        0.33254
          0.568        0.33207        0.33154
          0.569        0.33108        0.33055
           0.57        0.33009        0.32956
          0.571         0.3291        0.32857
          0.572        0.32812        0.32759
          0.573        0.32713        0.32661
          0.574        0.32616        0.32563
          0.575        0.32518        0.32465
          0.576        0.32421        0.32368
          0.577        0.32324        0.32271
          0.578        0.32227        0.32174
          0.579         0.3213        0.32078
           0.58        0.32034        0.31982
          0.581        0.31938        0.31886
          0.582        0.31843        0.31791
          0.583        0.31748        0.31695
          0.584        0.31653          0.316
          0.585        0.31558        0.31506
          0.586        0.31463        0.31411
          0.587        0.31369        0.31317
          0.588        0.31275        0.31223
          0.589        0.31182         0.3113
           0.59        0.31088        0.31037
          0.591        0.30995        0.30944
          0.592        0.30903        0.30851
          0.593         0.3081        0.30759
          0.594        0.30718        0.30666
          0.595        0.30626        0.30575
          0.596        0.30534        0.30483
          0.597        0.30443        0.30392
          0.598        0.30352        0.30301
          0.599        0.30261         0.3021
            0.6        0.30171        0.30119
          0.601         0.3008        0.30029
          0.602         0.2999        0.29939
          0.603        0.29901         0.2985
          0.604        0.29811         0.2976
          0.605        0.29722        0.29671
          0.606        0.29633        0.29582
          0.607        0.29544        0.29494
          0.608        0.29456        0.29405
          0.609        0.29368        0.29317
           0.61         0.2928        0.29229
          0.611        0.29192        0.29142
          0.612        0.29105        0.29054
          0.613        0.29018        0.28967
          0.614        0.28931        0.28881
          0.615        0.28844        0.28794
          0.616        0.28758        0.28708
          0.617        0.28672        0.28622
          0.618        0.28586        0.28536
          0.619        0.28501        0.28451
           0.62        0.28415        0.28365
          0.621         0.2833         0.2828
          0.622        0.28245        0.28196
          0.623        0.28161        0.28111
          0.624        0.28077        0.28027
          0.625        0.27993        0.27943
          0.626        0.27909        0.27859
          0.627        0.27825        0.27776
          0.628        0.27742        0.27693
          0.629        0.27659         0.2761
           0.63        0.27576        0.27527
          0.631        0.27494        0.27445
          0.632        0.27412        0.27362
          0.633         0.2733         0.2728
          0.634        0.27248        0.27199
          0.635        0.27166        0.27117
          0.636        0.27085        0.27036
          0.637        0.27004        0.26955
          0.638        0.26923        0.26874
          0.639        0.26842        0.26794
           0.64        0.26762        0.26714
          0.641        0.26682        0.26634
          0.642        0.26602        0.26554
          0.643        0.26523        0.26474
          0.644        0.26443        0.26395
          0.645        0.26364        0.26316
          0.646        0.26285        0.26237
          0.647        0.26207        0.26158
          0.648        0.26128         0.2608
          0.649         0.2605        0.26002
           0.65        0.25972        0.25924
          0.651        0.25894        0.25846
          0.652        0.25817        0.25769
          0.653        0.25739        0.25692
          0.654        0.25662        0.25615
          0.655        0.25586        0.25538
          0.656        0.25509        0.25462
          0.657        0.25433        0.25385
          0.658        0.25357        0.25309
          0.659        0.25281        0.25233
           0.66        0.25205        0.25158
          0.661         0.2513        0.25082
          0.662        0.25055        0.25007
          0.663         0.2498        0.24932
          0.664        0.24905        0.24858
          0.665         0.2483        0.24783
          0.666        0.24756        0.24709
          0.667        0.24682        0.24635
          0.668        0.24608        0.24561
          0.669        0.24534        0.24488
           0.67        0.24461        0.24414
          0.671        0.24388        0.24341
          0.672        0.24315        0.24268
          0.673        0.24242        0.24196
          0.674        0.24169        0.24123
          0.675        0.24097        0.24051
          0.676        0.24025        0.23979
          0.677        0.23953        0.23907
          0.678        0.23881        0.23835
          0.679         0.2381        0.23764
           0.68        0.23739        0.23693
          0.681        0.23668        0.23622
          0.682        0.23597        0.23551
          0.683        0.23526         0.2348
          0.684        0.23456         0.2341
          0.685        0.23386         0.2334
          0.686        0.23316         0.2327
          0.687        0.23246          0.232
          0.688        0.23176        0.23131
          0.689        0.23107        0.23062
           0.69        0.23038        0.22993
          0.691        0.22969        0.22924
          0.692          0.229        0.22855
          0.693        0.22832        0.22787
          0.694        0.22763        0.22718
          0.695        0.22695         0.2265
          0.696        0.22627        0.22582
          0.697         0.2256        0.22515
          0.698        0.22492        0.22447
          0.699        0.22425         0.2238
            0.7        0.22358        0.22313
          0.701        0.22335        0.22291
          0.702        0.22313        0.22268
          0.703        0.22291        0.22246
          0.704        0.22268        0.22224
          0.705        0.22246        0.22202
          0.706        0.22224         0.2218
          0.707        0.22202        0.22157
          0.708         0.2218        0.22135
          0.709        0.22158        0.22113
           0.71        0.22135        0.22091
          0.711        0.22113        0.22069
          0.712        0.22091        0.22047
          0.713        0.22069        0.22025
          0.714        0.22047        0.22003
          0.715        0.22025        0.21981
          0.716        0.22003        0.21959
          0.717        0.21981        0.21937
          0.718        0.21959        0.21915
          0.719        0.21937        0.21893
           0.72        0.21915        0.21871
          0.721        0.21893        0.21849
          0.722        0.21872        0.21827
          0.723         0.2185        0.21806
          0.724        0.21828        0.21784
          0.725        0.21806        0.21762
          0.726        0.21784         0.2174
          0.727        0.21763        0.21719
          0.728        0.21741        0.21697
          0.729        0.21719        0.21675
           0.73        0.21698        0.21654
          0.731        0.21676        0.21632
          0.732        0.21654         0.2161
          0.733        0.21633        0.21589
          0.734        0.21611        0.21567
          0.735        0.21589        0.21546
          0.736        0.21568        0.21524
          0.737        0.21546        0.21503
          0.738        0.21525        0.21481
          0.739        0.21503         0.2146
           0.74        0.21482        0.21438
          0.741         0.2146        0.21417
          0.742        0.21439        0.21395
          0.743        0.21418        0.21374
          0.744        0.21396        0.21353
          0.745        0.21375        0.21331
          0.746        0.21353         0.2131
          0.747        0.21332        0.21289
          0.748        0.21311        0.21267
          0.749         0.2129        0.21246
           0.75        0.21268        0.21225
          0.751        0.21247        0.21204
          0.752        0.21226        0.21182
          0.753        0.21205        0.21161
          0.754        0.21183         0.2114
          0.755        0.21162        0.21119
          0.756        0.21141        0.21098
          0.757         0.2112        0.21077
          0.758        0.21099        0.21056
          0.759        0.21078        0.21035
           0.76        0.21057        0.21014
          0.761        0.21036        0.20993
          0.762        0.21015        0.20972
          0.763        0.20994        0.20951
          0.764        0.20973         0.2093
          0.765        0.20952        0.20909
          0.766        0.20931        0.20888
          0.767         0.2091        0.20867
          0.768        0.20889        0.20846
          0.769        0.20868        0.20825
           0.77        0.20848        0.20805
          0.771        0.20827        0.20784
          0.772        0.20806        0.20763
          0.773        0.20785        0.20742
          0.774        0.20764        0.20721
          0.775        0.20744        0.20701
          0.776        0.20723         0.2068
          0.777        0.20702        0.20659
          0.778        0.20682        0.20639
          0.779        0.20661        0.20618
           0.78         0.2064        0.20598
          0.781         0.2062        0.20577
          0.782        0.20599        0.20556
          0.783        0.20579        0.20536
          0.784        0.20558        0.20515
          0.785        0.20537        0.20495
          0.786        0.20517        0.20474
          0.787        0.20497        0.20454
          0.788        0.20476        0.20433
          0.789        0.20456        0.20413
           0.79        0.20435        0.20393
          0.791        0.20415        0.20372
          0.792        0.20394        0.20352
          0.793        0.20374        0.20331
          0.794        0.20354        0.20311
          0.795        0.20333        0.20291
          0.796        0.20313        0.20271
          0.797        0.20293         0.2025
          0.798        0.20272         0.2023
          0.799        0.20252         0.2021
            0.8        0.20232         0.2019
          0.801        0.20212        0.20169
          0.802        0.20192        0.20149
          0.803        0.20171        0.20129
          0.804        0.20151        0.20109
          0.805        0.20131        0.20089
          0.806        0.20111        0.20069
          0.807        0.20091        0.20049
          0.808        0.20071        0.20029
          0.809        0.20051        0.20009
           0.81        0.20031        0.19989
          0.811        0.20011        0.19969
          0.812        0.19991        0.19949
          0.813        0.19971        0.19929
          0.814        0.19951        0.19909
          0.815        0.19931        0.19889
          0.816        0.19911        0.19869
          0.817        0.19891        0.19849
          0.818        0.19871        0.19829
          0.819        0.19852         0.1981
           0.82        0.19832         0.1979
          0.821        0.19812         0.1977
          0.822        0.19792         0.1975
          0.823        0.19772        0.19731
          0.824        0.19753        0.19711
          0.825        0.19733        0.19691
          0.826        0.19713        0.19671
          0.827        0.19694        0.19652
          0.828        0.19674        0.19632
          0.829        0.19654        0.19613
           0.83        0.19635        0.19593
          0.831        0.19615        0.19573
          0.832        0.19595        0.19554
          0.833        0.19576        0.19534
          0.834        0.19556        0.19515
          0.835        0.19537        0.19495
          0.836        0.19517        0.19476
          0.837        0.19498        0.19456
          0.838        0.19478        0.19437
          0.839        0.19459        0.19417
           0.84         0.1944        0.19398
          0.841         0.1942        0.19379
          0.842        0.19401        0.19359
          0.843        0.19381         0.1934
          0.844        0.19362        0.19321
          0.845        0.19343        0.19301
          0.846        0.19323        0.19282
          0.847        0.19304        0.19263
          0.848        0.19285        0.19243
          0.849        0.19266        0.19224
           0.85        0.19246        0.19205
          0.851        0.19227        0.19186
          0.852        0.19208        0.19167
          0.853        0.19189        0.19147
          0.854         0.1917        0.19128
          0.855         0.1915        0.19109
          0.856        0.19131         0.1909
          0.857        0.19112        0.19071
          0.858        0.19093        0.19052
          0.859        0.19074        0.19033
           0.86        0.19055        0.19014
          0.861        0.19036        0.18995
          0.862        0.19017        0.18976
          0.863        0.18998        0.18957
          0.864        0.18979        0.18938
          0.865         0.1896        0.18919
          0.866        0.18941          0.189
          0.867        0.18922        0.18881
          0.868        0.18903        0.18862
          0.869        0.18884        0.18844
           0.87        0.18866        0.18825
          0.871        0.18847        0.18806
          0.872        0.18828        0.18787
          0.873        0.18809        0.18768
          0.874         0.1879         0.1875
          0.875        0.18772        0.18731
          0.876        0.18753        0.18712
          0.877        0.18734        0.18693
          0.878        0.18715        0.18675
          0.879        0.18697        0.18656
           0.88        0.18678        0.18637
          0.881        0.18659        0.18619
          0.882        0.18641          0.186
          0.883        0.18622        0.18582
          0.884        0.18604        0.18563
          0.885        0.18585        0.18544
          0.886        0.18566        0.18526
          0.887        0.18548        0.18507
          0.888        0.18529        0.18489
          0.889        0.18511         0.1847
           0.89        0.18492        0.18452
          0.891        0.18474        0.18434
          0.892        0.18455        0.18415
          0.893        0.18437        0.18397
          0.894        0.18419        0.18378
          0.895          0.184         0.1836
          0.896        0.18382        0.18342
          0.897        0.18363        0.18323
          0.898        0.18345        0.18305
          0.899        0.18327        0.18287
            0.9        0.18309        0.18268
          0.901         0.1829         0.1825
          0.902        0.18272        0.18232
          0.903        0.18254        0.18214
          0.904        0.18236        0.18195
          0.905        0.18217        0.18177
          0.906        0.18199        0.18159
          0.907        0.18181        0.18141
          0.908        0.18163        0.18123
          0.909        0.18145        0.18105
           0.91        0.18127        0.18087
          0.911        0.18108        0.18069
          0.912         0.1809         0.1805
          0.913        0.18072        0.18032
          0.914        0.18054        0.18014
          0.915        0.18036        0.17996
          0.916        0.18018        0.17978
          0.917           0.18         0.1796
          0.918        0.17982        0.17942
          0.919        0.17964        0.17925
           0.92        0.17946        0.17907
          0.921        0.17928        0.17889
          0.922        0.17911        0.17871
          0.923        0.17893        0.17853
          0.924        0.17875        0.17835
          0.925        0.17857        0.17817
          0.926        0.17839        0.17799
          0.927        0.17821        0.17782
          0.928        0.17804        0.17764
          0.929        0.17786        0.17746
           0.93        0.17768        0.17728
          0.931         0.1775        0.17711
          0.932        0.17733        0.17693
          0.933        0.17715        0.17675
          0.934        0.17697        0.17658
          0.935        0.17679         0.1764
          0.936        0.17662        0.17622
          0.937        0.17644        0.17605
          0.938        0.17627        0.17587
          0.939        0.17609         0.1757
           0.94        0.17591        0.17552
          0.941        0.17574        0.17534
          0.942        0.17556        0.17517
          0.943        0.17539        0.17499
          0.944        0.17521        0.17482
          0.945        0.17504        0.17464
          0.946        0.17486        0.17447
          0.947        0.17469         0.1743
          0.948        0.17451        0.17412
          0.949        0.17434        0.17395
           0.95        0.17416        0.17377
          0.951        0.17399         0.1736
          0.952        0.17382        0.17343
          0.953        0.17364        0.17325
          0.954        0.17347        0.17308
          0.955         0.1733        0.17291
          0.956        0.17312        0.17273
          0.957        0.17295        0.17256
          0.958        0.17278        0.17239
          0.959        0.17261        0.17222
           0.96        0.17243        0.17204
          0.961        0.17226        0.17187
          0.962        0.17209         0.1717
          0.963        0.17192        0.17153
          0.964        0.17175        0.17136
          0.965        0.17157        0.17119
          0.966         0.1714        0.17102
          0.967        0.17123        0.17084
          0.968        0.17106        0.17067
          0.969        0.17089         0.1705
           0.97        0.17072        0.17033
          0.971        0.17055        0.17016
          0.972        0.17038        0.16999
          0.973        0.17021        0.16982
          0.974        0.17004        0.16965
          0.975        0.16987        0.16948
          0.976         0.1697        0.16931
          0.977        0.16953        0.16914
          0.978        0.16936        0.16898
          0.979        0.16919        0.16881
           0.98        0.16902        0.16864
          0.981        0.16885        0.16847
          0.982        0.16869         0.1683
          0.983        0.16852        0.16813
          0.984        0.16835        0.16796
          0.985        0.16818         0.1678
          0.986        0.16801        0.16763
          0.987        0.16784        0.16746
          0.988        0.16768        0.16729
          0.989        0.16751        0.16713
           0.99        0.16734        0.16696
          0.991        0.16718        0.16679
          0.992        0.16701        0.16663
          0.993        0.16684        0.16646
          0.994        0.16668        0.16629
          0.995        0.16651        0.16613
          0.996        0.16634        0.16596
          0.997        0.16618         0.1658
          0.998        0.16601        0.16563
          0.999        0.16584        0.16546
              1        0.16568         0.1653
#diff normalized : 0.00091299
