#./solver_deter 1 1000 -1 10 3 1 1 1000 1e-3 1 1 2 ./datas/output_1_TS_1_1 
#distrib
             #X    Phi(APPROX)        Phi(th)
              0         0.4897              0
          0.001        0.48919              0
          0.002        0.48868              0
          0.003        0.48817              0
          0.004        0.48765              0
          0.005        0.48714              0
          0.006        0.48663              0
          0.007        0.48612              0
          0.008         0.4856              0
          0.009        0.48509              0
           0.01        0.48457              0
          0.011        0.48406              0
          0.012        0.48354              0
          0.013        0.48303              0
          0.014        0.48251              0
          0.015        0.48199              0
          0.016        0.48148              0
          0.017        0.48096              0
          0.018        0.48044              0
          0.019        0.47992              0
           0.02         0.4794              0
          0.021        0.47888              0
          0.022        0.47836              0
          0.023        0.47784              0
          0.024        0.47731              0
          0.025        0.47679              0
          0.026        0.47627              0
          0.027        0.47575              0
          0.028        0.47522              0
          0.029         0.4747              0
           0.03        0.47417              0
          0.031        0.47365              0
          0.032        0.47312              0
          0.033        0.47259              0
          0.034        0.47207              0
          0.035        0.47154              0
          0.036        0.47101              0
          0.037        0.47048              0
          0.038        0.46995              0
          0.039        0.46942              0
           0.04        0.46889              0
          0.041        0.46836              0
          0.042        0.46783              0
          0.043         0.4673              0
          0.044        0.46677              0
          0.045        0.46623              0
          0.046         0.4657              0
          0.047        0.46517              0
          0.048        0.46463              0
          0.049         0.4641              0
           0.05        0.46356              0
          0.051        0.46302              0
          0.052        0.46249              0
          0.053        0.46195              0
          0.054        0.46141              0
          0.055        0.46087              0
          0.056        0.46034              0
          0.057         0.4598              0
          0.058        0.45926              0
          0.059        0.45872              0
           0.06        0.45817              0
          0.061        0.45763              0
          0.062        0.45709              0
          0.063        0.45655              0
          0.064        0.45601              0
          0.065        0.45546              0
          0.066        0.45492              0
          0.067        0.45437              0
          0.068        0.45383              0
          0.069        0.45328              0
           0.07        0.45274              0
          0.071        0.45219              0
          0.072        0.45164              0
          0.073        0.45109              0
          0.074        0.45054              0
          0.075        0.44999              0
          0.076        0.44944              0
          0.077        0.44889              0
          0.078        0.44834              0
          0.079        0.44779              0
           0.08        0.44724              0
          0.081        0.44669              0
          0.082        0.44613              0
          0.083        0.44558              0
          0.084        0.44503              0
          0.085        0.44447              0
          0.086        0.44392              0
          0.087        0.44336              0
          0.088        0.44281              0
          0.089        0.44225              0
           0.09        0.44169              0
          0.091        0.44113              0
          0.092        0.44057              0
          0.093        0.44001              0
          0.094        0.43946              0
          0.095        0.43889              0
          0.096        0.43833              0
          0.097        0.43777              0
          0.098        0.43721              0
          0.099        0.43665              0
            0.1        0.43609              0
          0.101        0.43552              0
          0.102        0.43496              0
          0.103        0.43439              0
          0.104        0.43383              0
          0.105        0.43326              0
          0.106        0.43269              0
          0.107        0.43213              0
          0.108        0.43156              0
          0.109        0.43099              0
           0.11        0.43042              0
          0.111        0.42985              0
          0.112        0.42928              0
          0.113        0.42871              0
          0.114        0.42814              0
          0.115        0.42757              0
          0.116          0.427              0
          0.117        0.42643              0
          0.118        0.42585              0
          0.119        0.42528              0
           0.12         0.4247              0
          0.121        0.42413              0
          0.122        0.42355              0
          0.123        0.42298              0
          0.124         0.4224              0
          0.125        0.42182              0
          0.126        0.42125              0
          0.127        0.42067              0
          0.128        0.42009              0
          0.129        0.41951              0
           0.13        0.41893              0
          0.131        0.41835              0
          0.132        0.41777              0
          0.133        0.41718              0
          0.134         0.4166              0
          0.135        0.41602              0
          0.136        0.41544              0
          0.137        0.41485              0
          0.138        0.41427              0
          0.139        0.41368              0
           0.14        0.41309              0
          0.141        0.41251              0
          0.142        0.41192              0
          0.143        0.41133              0
          0.144        0.41074              0
          0.145        0.41016              0
          0.146        0.40957              0
          0.147        0.40898              0
          0.148        0.40839              0
          0.149        0.40779              0
           0.15         0.4072              0
          0.151        0.40661              0
          0.152        0.40602              0
          0.153        0.40542              0
          0.154        0.40483              0
          0.155        0.40423              0
          0.156        0.40364              0
          0.157        0.40304              0
          0.158        0.40245              0
          0.159        0.40185              0
           0.16        0.40125              0
          0.161        0.40065              0
          0.162        0.40005              0
          0.163        0.39945              0
          0.164        0.39885              0
          0.165        0.39825              0
          0.166        0.39765              0
          0.167        0.39705              0
          0.168        0.39645              0
          0.169        0.39584              0
           0.17        0.39524              0
          0.171        0.39463              0
          0.172        0.39403              0
          0.173        0.39342              0
          0.174        0.39282              0
          0.175        0.39221              0
          0.176         0.3916              0
          0.177          0.391              0
          0.178        0.39039              0
          0.179        0.38978              0
           0.18        0.38917              0
          0.181        0.38856              0
          0.182        0.38795              0
          0.183        0.38733              0
          0.184        0.38672              0
          0.185        0.38611              0
          0.186        0.38549              0
          0.187        0.38488              0
          0.188        0.38427              0
          0.189        0.38365              0
           0.19        0.38303              0
          0.191        0.38242              0
          0.192         0.3818              0
          0.193        0.38118              0
          0.194        0.38056              0
          0.195        0.37994              0
          0.196        0.37933              0
          0.197         0.3787              0
          0.198        0.37808              0
          0.199        0.37746              0
            0.2        0.37684              0
          0.201        0.37622              0
          0.202        0.37559              0
          0.203        0.37497              0
          0.204        0.37434              0
          0.205        0.37372              0
          0.206        0.37309              0
          0.207        0.37247              0
          0.208        0.37184              0
          0.209        0.37121              0
           0.21        0.37058              0
          0.211        0.36995              0
          0.212        0.36932              0
          0.213        0.36869              0
          0.214        0.36806              0
          0.215        0.36743              0
          0.216         0.3668              0
          0.217        0.36617              0
          0.218        0.36553              0
          0.219         0.3649              0
           0.22        0.36426              0
          0.221        0.36363              0
          0.222        0.36299              0
          0.223        0.36236              0
          0.224        0.36172              0
          0.225        0.36108              0
          0.226        0.36044              0
          0.227         0.3598              0
          0.228        0.35916              0
          0.229        0.35852              0
           0.23        0.35788              0
          0.231        0.35724              0
          0.232         0.3566              0
          0.233        0.35595              0
          0.234        0.35531              0
          0.235        0.35467              0
          0.236        0.35402              0
          0.237        0.35338              0
          0.238        0.35273              0
          0.239        0.35208              0
           0.24        0.35143              0
          0.241        0.35079              0
          0.242        0.35014              0
          0.243        0.34949              0
          0.244        0.34884              0
          0.245        0.34819              0
          0.246        0.34754              0
          0.247        0.34688              0
          0.248        0.34623              0
          0.249        0.34558              0
           0.25        0.34492              0
          0.251        0.34427              0
          0.252        0.34361              0
          0.253        0.34296              0
          0.254         0.3423              0
          0.255        0.34164              0
          0.256        0.34098              0
          0.257        0.34033              0
          0.258        0.33967              0
          0.259        0.33901              0
           0.26        0.33835              0
          0.261        0.33768              0
          0.262        0.33702              0
          0.263        0.33636              0
          0.264         0.3357              0
          0.265        0.33503              0
          0.266        0.33437              0
          0.267         0.3337              0
          0.268        0.33304              0
          0.269        0.33237              0
           0.27         0.3317              0
          0.271        0.33103              0
          0.272        0.33037              0
          0.273         0.3297              0
          0.274        0.32903              0
          0.275        0.32836              0
          0.276        0.32768              0
          0.277        0.32701              0
          0.278        0.32634              0
          0.279        0.32567              0
           0.28        0.32499              0
          0.281        0.32432              0
          0.282        0.32364              0
          0.283        0.32297              0
          0.284        0.32229              0
          0.285        0.32161              0
          0.286        0.32093              0
          0.287        0.32026              0
          0.288        0.31958              0
          0.289         0.3189              0
           0.29        0.31822              0
          0.291        0.31753              0
          0.292        0.31685              0
          0.293        0.31617              0
          0.294        0.31549              0
          0.295         0.3148              0
          0.296        0.31412              0
          0.297        0.31343              0
          0.298        0.31275              0
          0.299        0.31206              0
            0.3        0.31137              0
          0.301        0.31068              0
          0.302        0.31061              0
          0.303        0.31055              0
          0.304        0.31048              0
          0.305        0.31041              0
          0.306        0.31034              0
          0.307        0.31027              0
          0.308         0.3102              0
          0.309        0.31013              0
           0.31        0.31006              0
          0.311        0.30999              0
          0.312        0.30992              0
          0.313        0.30985              0
          0.314        0.30978              0
          0.315        0.30971              0
          0.316        0.30964              0
          0.317        0.30957              0
          0.318         0.3095              0
          0.319        0.30943              0
           0.32        0.30935              0
          0.321        0.30928              0
          0.322        0.30921              0
          0.323        0.30914              0
          0.324        0.30907              0
          0.325        0.30899              0
          0.326        0.30892              0
          0.327        0.30885              0
          0.328        0.30877              0
          0.329         0.3087              0
           0.33        0.30863              0
          0.331        0.30855              0
          0.332        0.30848              0
          0.333         0.3084              0
          0.334        0.30833              0
          0.335        0.30825              0
          0.336        0.30818              0
          0.337         0.3081              0
          0.338        0.30803              0
          0.339        0.30795              0
           0.34        0.30787              0
          0.341         0.3078              0
          0.342        0.30772              0
          0.343        0.30764              0
          0.344        0.30757              0
          0.345        0.30749              0
          0.346        0.30741              0
          0.347        0.30733              0
          0.348        0.30726              0
          0.349        0.30718              0
           0.35         0.3071              0
          0.351        0.30702              0
          0.352        0.30694              0
          0.353        0.30686              0
          0.354        0.30678              0
          0.355         0.3067              0
          0.356        0.30662              0
          0.357        0.30654              0
          0.358        0.30646              0
          0.359        0.30638              0
           0.36         0.3063              0
          0.361        0.30622              0
          0.362        0.30614              0
          0.363        0.30606              0
          0.364        0.30598              0
          0.365        0.30589              0
          0.366        0.30581              0
          0.367        0.30573              0
          0.368        0.30565              0
          0.369        0.30556              0
           0.37        0.30548              0
          0.371         0.3054              0
          0.372        0.30531              0
          0.373        0.30523              0
          0.374        0.30514              0
          0.375        0.30506              0
          0.376        0.30497              0
          0.377        0.30489              0
          0.378         0.3048              0
          0.379        0.30472              0
           0.38        0.30463              0
          0.381        0.30455              0
          0.382        0.30446              0
          0.383        0.30437              0
          0.384        0.30429              0
          0.385         0.3042              0
          0.386        0.30411              0
          0.387        0.30402              0
          0.388        0.30393              0
          0.389        0.30385              0
           0.39        0.30376              0
          0.391        0.30367              0
          0.392        0.30358              0
          0.393        0.30349              0
          0.394         0.3034              0
          0.395        0.30331              0
          0.396        0.30322              0
          0.397        0.30313              0
          0.398        0.30304              0
          0.399        0.30295              0
            0.4        0.30286              0
          0.401        0.30277              0
          0.402        0.30267              0
          0.403        0.30258              0
          0.404        0.30249              0
          0.405         0.3024              0
          0.406        0.30231              0
          0.407        0.30221              0
          0.408        0.30212              0
          0.409        0.30202              0
           0.41        0.30193              0
          0.411        0.30184              0
          0.412        0.30174              0
          0.413        0.30165              0
          0.414        0.30155              0
          0.415        0.30146              0
          0.416        0.30136              0
          0.417        0.30127              0
          0.418        0.30117              0
          0.419        0.30107              0
           0.42        0.30098              0
          0.421        0.30088              0
          0.422        0.30078              0
          0.423        0.30068              0
          0.424        0.30059              0
          0.425        0.30049              0
          0.426        0.30039              0
          0.427        0.30029              0
          0.428        0.30019              0
          0.429        0.30009              0
           0.43        0.29999              0
          0.431        0.29989              0
          0.432        0.29979              0
          0.433        0.29969              0
          0.434        0.29959              0
          0.435        0.29949              0
          0.436        0.29939              0
          0.437        0.29928              0
          0.438        0.29918              0
          0.439        0.29908              0
           0.44        0.29898              0
          0.441        0.29887              0
          0.442        0.29877              0
          0.443        0.29867              0
          0.444        0.29856              0
          0.445        0.29846              0
          0.446        0.29835              0
          0.447        0.29825              0
          0.448        0.29814              0
          0.449        0.29804              0
           0.45        0.29793              0
          0.451        0.29783              0
          0.452        0.29772              0
          0.453        0.29761              0
          0.454         0.2975              0
          0.455         0.2974              0
          0.456        0.29729              0
          0.457        0.29718              0
          0.458        0.29707              0
          0.459        0.29696              0
           0.46        0.29685              0
          0.461        0.29675              0
          0.462        0.29664              0
          0.463        0.29653              0
          0.464        0.29641              0
          0.465         0.2963              0
          0.466        0.29619              0
          0.467        0.29608              0
          0.468        0.29597              0
          0.469        0.29586              0
           0.47        0.29574              0
          0.471        0.29563              0
          0.472        0.29552              0
          0.473        0.29541              0
          0.474        0.29529              0
          0.475        0.29518              0
          0.476        0.29506              0
          0.477        0.29495              0
          0.478        0.29483              0
          0.479        0.29472              0
           0.48         0.2946              0
          0.481        0.29448              0
          0.482        0.29437              0
          0.483        0.29425              0
          0.484        0.29413              0
          0.485        0.29402              0
          0.486         0.2939              0
          0.487        0.29378              0
          0.488        0.29366              0
          0.489        0.29354              0
           0.49        0.29342              0
          0.491         0.2933              0
          0.492        0.29318              0
          0.493        0.29306              0
          0.494        0.29294              0
          0.495        0.29282              0
          0.496         0.2927              0
          0.497        0.29258              0
          0.498        0.29245              0
          0.499        0.29233              0
            0.5        0.29221              0
          0.501        0.29209              0
          0.502        0.29196              0
          0.503        0.29184              0
          0.504        0.29171              0
          0.505        0.29159              0
          0.506        0.29146              0
          0.507        0.29134              0
          0.508        0.29121              0
          0.509        0.29108              0
           0.51        0.29096              0
          0.511        0.29083              0
          0.512         0.2907              0
          0.513        0.29057              0
          0.514        0.29045              0
          0.515        0.29032              0
          0.516        0.29019              0
          0.517        0.29006              0
          0.518        0.28993              0
          0.519         0.2898              0
           0.52        0.28967              0
          0.521        0.28954              0
          0.522        0.28941              0
          0.523        0.28927              0
          0.524        0.28914              0
          0.525        0.28901              0
          0.526        0.28888              0
          0.527        0.28874              0
          0.528        0.28861              0
          0.529        0.28847              0
           0.53        0.28834              0
          0.531         0.2882              0
          0.532        0.28807              0
          0.533        0.28793              0
          0.534         0.2878              0
          0.535        0.28766              0
          0.536        0.28752              0
          0.537        0.28739              0
          0.538        0.28725              0
          0.539        0.28711              0
           0.54        0.28697              0
          0.541        0.28683              0
          0.542        0.28669              0
          0.543        0.28655              0
          0.544        0.28641              0
          0.545        0.28627              0
          0.546        0.28613              0
          0.547        0.28599              0
          0.548        0.28585              0
          0.549         0.2857              0
           0.55        0.28556              0
          0.551        0.28542              0
          0.552        0.28527              0
          0.553        0.28513              0
          0.554        0.28498              0
          0.555        0.28484              0
          0.556        0.28469              0
          0.557        0.28455              0
          0.558         0.2844              0
          0.559        0.28425              0
           0.56        0.28411              0
          0.561        0.28396              0
          0.562        0.28381              0
          0.563        0.28366              0
          0.564        0.28351              0
          0.565        0.28336              0
          0.566        0.28321              0
          0.567        0.28306              0
          0.568        0.28291              0
          0.569        0.28276              0
           0.57        0.28261              0
          0.571        0.28246              0
          0.572         0.2823              0
          0.573        0.28215              0
          0.574          0.282              0
          0.575        0.28184              0
          0.576        0.28169              0
          0.577        0.28153              0
          0.578        0.28138              0
          0.579        0.28122              0
           0.58        0.28107              0
          0.581        0.28091              0
          0.582        0.28075              0
          0.583        0.28059              0
          0.584        0.28044              0
          0.585        0.28028              0
          0.586        0.28012              0
          0.587        0.27996              0
          0.588         0.2798              0
          0.589        0.27964              0
           0.59        0.27948              0
          0.591        0.27931              0
          0.592        0.27915              0
          0.593        0.27899              0
          0.594        0.27883              0
          0.595        0.27866              0
          0.596         0.2785              0
          0.597        0.27833              0
          0.598        0.27817              0
          0.599          0.278              0
            0.6        0.27784              0
          0.601        0.27767              0
          0.602         0.2775              0
          0.603        0.27734              0
          0.604        0.27717              0
          0.605          0.277              0
          0.606        0.27683              0
          0.607        0.27666              0
          0.608        0.27649              0
          0.609        0.27632              0
           0.61        0.27615              0
          0.611        0.27598              0
          0.612        0.27581              0
          0.613        0.27563              0
          0.614        0.27546              0
          0.615        0.27529              0
          0.616        0.27511              0
          0.617        0.27494              0
          0.618        0.27476              0
          0.619        0.27459              0
           0.62        0.27441              0
          0.621        0.27423              0
          0.622        0.27405              0
          0.623        0.27388              0
          0.624         0.2737              0
          0.625        0.27352              0
          0.626        0.27334              0
          0.627        0.27316              0
          0.628        0.27298              0
          0.629         0.2728              0
           0.63        0.27262              0
          0.631        0.27243              0
          0.632        0.27225              0
          0.633        0.27207              0
          0.634        0.27188              0
          0.635         0.2717              0
          0.636        0.27151              0
          0.637        0.27133              0
          0.638        0.27114              0
          0.639        0.27096              0
           0.64        0.27077              0
          0.641        0.27058              0
          0.642        0.27039              0
          0.643         0.2702              0
          0.644        0.27001              0
          0.645        0.26982              0
          0.646        0.26963              0
          0.647        0.26944              0
          0.648        0.26925              0
          0.649        0.26906              0
           0.65        0.26887              0
          0.651        0.26867              0
          0.652        0.26848              0
          0.653        0.26828              0
          0.654        0.26809              0
          0.655        0.26789              0
          0.656         0.2677              0
          0.657         0.2675              0
          0.658         0.2673              0
          0.659         0.2671              0
           0.66         0.2669              0
          0.661         0.2667              0
          0.662         0.2665              0
          0.663         0.2663              0
          0.664         0.2661              0
          0.665         0.2659              0
          0.666         0.2657              0
          0.667         0.2655              0
          0.668        0.26529              0
          0.669        0.26509              0
           0.67        0.26488              0
          0.671        0.26468              0
          0.672        0.26447              0
          0.673        0.26427              0
          0.674        0.26406              0
          0.675        0.26385              0
          0.676        0.26364              0
          0.677        0.26343              0
          0.678        0.26322              0
          0.679        0.26301              0
           0.68         0.2628              0
          0.681        0.26259              0
          0.682        0.26238              0
          0.683        0.26216              0
          0.684        0.26195              0
          0.685        0.26174              0
          0.686        0.26152              0
          0.687        0.26131              0
          0.688        0.26109              0
          0.689        0.26087              0
           0.69        0.26065              0
          0.691        0.26044              0
          0.692        0.26022              0
          0.693           0.26              0
          0.694        0.25978              0
          0.695        0.25956              0
          0.696        0.25934              0
          0.697        0.25911              0
          0.698        0.25889              0
          0.699        0.25867              0
            0.7        0.25844              0
          0.701        0.25822              0
          0.702        0.25748              0
          0.703        0.25674              0
          0.704        0.25599              0
          0.705        0.25525              0
          0.706         0.2545              0
          0.707        0.25376              0
          0.708        0.25301              0
          0.709        0.25227              0
           0.71        0.25152              0
          0.711        0.25077              0
          0.712        0.25002              0
          0.713        0.24927              0
          0.714        0.24852              0
          0.715        0.24777              0
          0.716        0.24702              0
          0.717        0.24627              0
          0.718        0.24551              0
          0.719        0.24476              0
           0.72          0.244              0
          0.721        0.24325              0
          0.722        0.24249              0
          0.723        0.24174              0
          0.724        0.24098              0
          0.725        0.24022              0
          0.726        0.23946              0
          0.727         0.2387              0
          0.728        0.23794              0
          0.729        0.23718              0
           0.73        0.23641              0
          0.731        0.23565              0
          0.732        0.23489              0
          0.733        0.23412              0
          0.734        0.23336              0
          0.735        0.23259              0
          0.736        0.23182              0
          0.737        0.23106              0
          0.738        0.23029              0
          0.739        0.22952              0
           0.74        0.22875              0
          0.741        0.22798              0
          0.742        0.22721              0
          0.743        0.22643              0
          0.744        0.22566              0
          0.745        0.22489              0
          0.746        0.22411              0
          0.747        0.22334              0
          0.748        0.22256              0
          0.749        0.22178              0
           0.75          0.221              0
          0.751        0.22023              0
          0.752        0.21945              0
          0.753        0.21867              0
          0.754        0.21789              0
          0.755         0.2171              0
          0.756        0.21632              0
          0.757        0.21554              0
          0.758        0.21475              0
          0.759        0.21397              0
           0.76        0.21318              0
          0.761         0.2124              0
          0.762        0.21161              0
          0.763        0.21082              0
          0.764        0.21003              0
          0.765        0.20924              0
          0.766        0.20845              0
          0.767        0.20766              0
          0.768        0.20687              0
          0.769        0.20608              0
           0.77        0.20528              0
          0.771        0.20449              0
          0.772        0.20369              0
          0.773         0.2029              0
          0.774         0.2021              0
          0.775         0.2013              0
          0.776        0.20051              0
          0.777        0.19971              0
          0.778        0.19891              0
          0.779        0.19811              0
           0.78         0.1973              0
          0.781         0.1965              0
          0.782         0.1957              0
          0.783         0.1949              0
          0.784        0.19409              0
          0.785        0.19329              0
          0.786        0.19248              0
          0.787        0.19167              0
          0.788        0.19086              0
          0.789        0.19006              0
           0.79        0.18925              0
          0.791        0.18844              0
          0.792        0.18762              0
          0.793        0.18681              0
          0.794          0.186              0
          0.795        0.18519              0
          0.796        0.18437              0
          0.797        0.18356              0
          0.798        0.18274              0
          0.799        0.18192              0
            0.8        0.18111              0
          0.801        0.18029              0
          0.802        0.17947              0
          0.803        0.17865              0
          0.804        0.17783              0
          0.805        0.17701              0
          0.806        0.17618              0
          0.807        0.17536              0
          0.808        0.17453              0
          0.809        0.17371              0
           0.81        0.17288              0
          0.811        0.17206              0
          0.812        0.17123              0
          0.813         0.1704              0
          0.814        0.16957              0
          0.815        0.16874              0
          0.816        0.16791              0
          0.817        0.16708              0
          0.818        0.16625              0
          0.819        0.16541              0
           0.82        0.16458              0
          0.821        0.16374              0
          0.822        0.16291              0
          0.823        0.16207              0
          0.824        0.16123              0
          0.825         0.1604              0
          0.826        0.15956              0
          0.827        0.15872              0
          0.828        0.15788              0
          0.829        0.15703              0
           0.83        0.15619              0
          0.831        0.15535              0
          0.832         0.1545              0
          0.833        0.15366              0
          0.834        0.15281              0
          0.835        0.15197              0
          0.836        0.15112              0
          0.837        0.15027              0
          0.838        0.14942              0
          0.839        0.14857              0
           0.84        0.14772              0
          0.841        0.14687              0
          0.842        0.14602              0
          0.843        0.14516              0
          0.844        0.14431              0
          0.845        0.14345              0
          0.846         0.1426              0
          0.847        0.14174              0
          0.848        0.14088              0
          0.849        0.14002              0
           0.85        0.13916              0
          0.851         0.1383              0
          0.852        0.13744              0
          0.853        0.13658              0
          0.854        0.13572              0
          0.855        0.13485              0
          0.856        0.13399              0
          0.857        0.13312              0
          0.858        0.13226              0
          0.859        0.13139              0
           0.86        0.13052              0
          0.861        0.12965              0
          0.862        0.12878              0
          0.863        0.12791              0
          0.864        0.12704              0
          0.865        0.12617              0
          0.866        0.12529              0
          0.867        0.12442              0
          0.868        0.12354              0
          0.869        0.12267              0
           0.87        0.12179              0
          0.871        0.12091              0
          0.872        0.12003              0
          0.873        0.11915              0
          0.874        0.11827              0
          0.875        0.11739              0
          0.876        0.11651              0
          0.877        0.11563              0
          0.878        0.11474              0
          0.879        0.11386              0
           0.88        0.11297              0
          0.881        0.11209              0
          0.882         0.1112              0
          0.883        0.11031              0
          0.884        0.10942              0
          0.885        0.10853              0
          0.886        0.10764              0
          0.887        0.10675              0
          0.888        0.10586              0
          0.889        0.10496              0
           0.89        0.10407              0
          0.891        0.10317              0
          0.892        0.10228              0
          0.893        0.10138              0
          0.894        0.10048              0
          0.895       0.099581              0
          0.896       0.098681              0
          0.897        0.09778              0
          0.898       0.096878              0
          0.899       0.095976              0
            0.9       0.095072              0
          0.901       0.094168              0
          0.902       0.093262              0
          0.903       0.092356              0
          0.904       0.091449              0
          0.905       0.090541              0
          0.906       0.089632              0
          0.907       0.088722              0
          0.908       0.087811              0
          0.909       0.086899              0
           0.91       0.085987              0
          0.911       0.085073              0
          0.912       0.084159              0
          0.913       0.083243              0
          0.914       0.082327              0
          0.915        0.08141              0
          0.916       0.080492              0
          0.917       0.079573              0
          0.918       0.078653              0
          0.919       0.077732              0
           0.92        0.07681              0
          0.921       0.075887              0
          0.922       0.074964              0
          0.923       0.074039              0
          0.924       0.073113              0
          0.925       0.072187              0
          0.926        0.07126              0
          0.927       0.070331              0
          0.928       0.069402              0
          0.929       0.068472              0
           0.93       0.067541              0
          0.931       0.066609              0
          0.932       0.065676              0
          0.933       0.064742              0
          0.934       0.063807              0
          0.935       0.062872              0
          0.936       0.061935              0
          0.937       0.060997              0
          0.938       0.060059              0
          0.939       0.059119              0
           0.94       0.058179              0
          0.941       0.057238              0
          0.942       0.056295              0
          0.943       0.055352              0
          0.944       0.054408              0
          0.945       0.053463              0
          0.946       0.052517              0
          0.947        0.05157              0
          0.948       0.050622              0
          0.949       0.049673              0
           0.95       0.048723              0
          0.951       0.047772              0
          0.952       0.046821              0
          0.953       0.045868              0
          0.954       0.044914              0
          0.955        0.04396              0
          0.956       0.043004              0
          0.957       0.042047              0
          0.958        0.04109              0
          0.959       0.040132              0
           0.96       0.039172              0
          0.961       0.038212              0
          0.962       0.037251              0
          0.963       0.036288              0
          0.964       0.035325              0
          0.965       0.034361              0
          0.966       0.033396              0
          0.967        0.03243              0
          0.968       0.031462              0
          0.969       0.030494              0
           0.97       0.029525              0
          0.971       0.028555              0
          0.972       0.027584              0
          0.973       0.026613              0
          0.974        0.02564              0
          0.975       0.024666              0
          0.976       0.023691              0
          0.977       0.022715              0
          0.978       0.021738              0
          0.979        0.02076              0
           0.98       0.019782              0
          0.981       0.018802              0
          0.982       0.017821              0
          0.983        0.01684              0
          0.984       0.015857              0
          0.985       0.014873              0
          0.986       0.013889              0
          0.987       0.012903              0
          0.988       0.011916              0
          0.989       0.010929              0
           0.99      0.0099403              0
          0.991      0.0089507              0
          0.992      0.0079602              0
          0.993      0.0069686              0
          0.994      0.0059761              0
          0.995      0.0049826              0
          0.996       0.003988              0
          0.997      0.0029925              0
          0.998       0.001996              0
          0.999      0.0009985              0
              1              0              0
#diff normalized : inf
