#./solver_deter 3 200 1 50 1 0.15 1 79.85 1e-3 1 .05 2 output_eps 
#distrib
             #X    Phi(APPROX)        Phi(th)
              0       0.039864              0
          0.005       0.060909              0
           0.01       0.079025              0
          0.015         0.0967              0
           0.02        0.11348              0
          0.025        0.12984              0
           0.03        0.14558              0
          0.035        0.16091              0
           0.04        0.17573              0
          0.045        0.19013              0
           0.05        0.20408              0
          0.055        0.21762              0
           0.06        0.23075              0
          0.065         0.2435              0
           0.07        0.25586              0
          0.075        0.26785              0
           0.08        0.27948              0
          0.085        0.29077              0
           0.09        0.30172              0
          0.095        0.31234              0
            0.1        0.32264              0
          0.105        0.33263              0
           0.11        0.34232              0
          0.115        0.35172              0
           0.12        0.36084              0
          0.125        0.36968              0
           0.13        0.37826              0
          0.135        0.38657              0
           0.14        0.39464              0
          0.145        0.40246              0
           0.15        0.41004              0
          0.155        0.41739              0
           0.16        0.42452              0
          0.165        0.43143              0
           0.17        0.43812              0
          0.175        0.44462              0
           0.18        0.45091              0
          0.185        0.45701              0
           0.19        0.46292              0
          0.195        0.46865              0
            0.2         0.4742              0
          0.205        0.47958              0
           0.21        0.48478              0
          0.215        0.48983              0
           0.22        0.49471              0
          0.225        0.49945              0
           0.23        0.50403              0
          0.235        0.50846              0
           0.24        0.51276              0
          0.245        0.51691              0
           0.25        0.52093              0
          0.255        0.52482              0
           0.26        0.52858              0
          0.265        0.53222              0
           0.27        0.53573              0
          0.275        0.53913              0
           0.28        0.54242              0
          0.285        0.54559              0
           0.29        0.54865              0
          0.295        0.55161              0
            0.3        0.55447              0
          0.305        0.55722              0
           0.31        0.55987              0
          0.315        0.56243              0
           0.32         0.5649              0
          0.325        0.56727              0
           0.33        0.56956              0
          0.335        0.57175              0
           0.34        0.57387              0
          0.345        0.57589              0
           0.35        0.57784              0
          0.355        0.57971              0
           0.36         0.5815              0
          0.365        0.58321              0
           0.37        0.58485              0
          0.375        0.58641              0
           0.38         0.5879              0
          0.385        0.58932              0
           0.39        0.59067              0
          0.395        0.59196              0
            0.4        0.59317              0
          0.405        0.59432              0
           0.41        0.59541              0
          0.415        0.59643              0
           0.42        0.59739              0
          0.425        0.59828              0
           0.43        0.59911              0
          0.435        0.59989              0
           0.44         0.6006              0
          0.445        0.60125              0
           0.45        0.60185              0
          0.455        0.60239              0
           0.46        0.60286              0
          0.465        0.60329              0
           0.47        0.60365              0
          0.475        0.60396              0
           0.48        0.60421              0
          0.485        0.60441              0
           0.49        0.60455              0
          0.495        0.60463              0
            0.5        0.60466              0
          0.505        0.60463              0
           0.51        0.60455              0
          0.515        0.60441              0
           0.52        0.60421              0
          0.525        0.60396              0
           0.53        0.60365              0
          0.535        0.60329              0
           0.54        0.60286              0
          0.545        0.60239              0
           0.55        0.60185              0
          0.555        0.60125              0
           0.56         0.6006              0
          0.565        0.59989              0
           0.57        0.59911              0
          0.575        0.59828              0
           0.58        0.59739              0
          0.585        0.59643              0
           0.59        0.59541              0
          0.595        0.59432              0
            0.6        0.59317              0
          0.605        0.59196              0
           0.61        0.59067              0
          0.615        0.58932              0
           0.62         0.5879              0
          0.625        0.58641              0
           0.63        0.58485              0
          0.635        0.58321              0
           0.64         0.5815              0
          0.645        0.57971              0
           0.65        0.57784              0
          0.655        0.57589              0
           0.66        0.57387              0
          0.665        0.57175              0
           0.67        0.56956              0
          0.675        0.56727              0
           0.68         0.5649              0
          0.685        0.56243              0
           0.69        0.55987              0
          0.695        0.55722              0
            0.7        0.55447              0
          0.705        0.55161              0
           0.71        0.54865              0
          0.715        0.54559              0
           0.72        0.54242              0
          0.725        0.53913              0
           0.73        0.53573              0
          0.735        0.53222              0
           0.74        0.52858              0
          0.745        0.52482              0
           0.75        0.52093              0
          0.755        0.51691              0
           0.76        0.51276              0
          0.765        0.50846              0
           0.77        0.50403              0
          0.775        0.49945              0
           0.78        0.49471              0
          0.785        0.48983              0
           0.79        0.48478              0
          0.795        0.47958              0
            0.8         0.4742              0
          0.805        0.46865              0
           0.81        0.46292              0
          0.815        0.45701              0
           0.82        0.45091              0
          0.825        0.44462              0
           0.83        0.43812              0
          0.835        0.43143              0
           0.84        0.42452              0
          0.845        0.41739              0
           0.85        0.41004              0
          0.855        0.40246              0
           0.86        0.39464              0
          0.865        0.38657              0
           0.87        0.37826              0
          0.875        0.36968              0
           0.88        0.36084              0
          0.885        0.35172              0
           0.89        0.34232              0
          0.895        0.33263              0
            0.9        0.32264              0
          0.905        0.31234              0
           0.91        0.30172              0
          0.915        0.29077              0
           0.92        0.27948              0
          0.925        0.26785              0
           0.93        0.25586              0
          0.935         0.2435              0
           0.94        0.23075              0
          0.945        0.21762              0
           0.95        0.20408              0
          0.955        0.19013              0
           0.96        0.17573              0
          0.965        0.16091              0
           0.97        0.14558              0
          0.975        0.12984              0
           0.98        0.11348              0
          0.985         0.0967              0
           0.99       0.079025              0
          0.995       0.060909              0
              1       0.039864              0
#diff normalized : inf
